/**********************************************************************
* Written by WAVToCode
* Date:				Sun Oct 17 08:40:05 PM
* FileName:			wavtoc1.C
* Interleaved:		N/A
* Signed:			No
* No. of channels:	1
* No. of samples:	10680
* Bits/Sample:		8
**********************************************************************/

#define NUM_ELEMENTS 10680

unsigned char data[NUM_ELEMENTS] = {
128, 128, 128, 128, 128, 128, 128, 128, /* 0-7 */
128, 128, 128, 128, 128, 128, 128, 128, /* 8-15 */
128, 128, 128, 128, 128, 128, 128, 128, /* 16-23 */
128, 128, 128, 128, 128, 128, 128, 128, /* 24-31 */
128, 128, 128, 128, 128, 128, 128, 128, /* 32-39 */
128, 128, 128, 128, 128, 128, 128, 128, /* 40-47 */
128, 128, 128, 128, 128, 128, 128, 128, /* 48-55 */
128, 128, 128, 128, 128, 128, 128, 128, /* 56-63 */
128, 128, 128, 128, 128, 128, 128, 128, /* 64-71 */
128, 128, 128, 128, 128, 128, 128, 128, /* 72-79 */
128, 128, 128, 128, 128, 128, 128, 128, /* 80-87 */
128, 128, 128, 128, 128, 128, 128, 128, /* 88-95 */
128, 128, 128, 128, 128, 128, 128, 128, /* 96-103 */
128, 128, 128, 128, 128, 128, 128, 128, /* 104-111 */
128, 128, 128, 128, 128, 128, 128, 128, /* 112-119 */
128, 128, 128, 128, 128, 128, 128, 128, /* 120-127 */
128, 128, 128, 128, 128, 128, 128, 128, /* 128-135 */
128, 128, 128, 128, 128, 128, 128, 128, /* 136-143 */
128, 128, 128, 128, 128, 128, 128, 128, /* 144-151 */
128, 128, 128, 128, 128, 128, 128, 128, /* 152-159 */
128, 128, 128, 128, 128, 128, 128, 128, /* 160-167 */
128, 128, 128, 128, 128, 128, 128, 128, /* 168-175 */
128, 128, 128, 128, 128, 128, 128, 128, /* 176-183 */
128, 128, 128, 128, 128, 128, 128, 128, /* 184-191 */
128, 128, 128, 128, 128, 128, 128, 128, /* 192-199 */
128, 128, 128, 128, 128, 128, 128, 128, /* 200-207 */
128, 128, 128, 128, 128, 128, 128, 128, /* 208-215 */
128, 128, 128, 128, 128, 128, 128, 128, /* 216-223 */
128, 128, 128, 128, 128, 128, 128, 128, /* 224-231 */
128, 128, 128, 128, 128, 128, 128, 128, /* 232-239 */
128, 128, 128, 128, 128, 128, 128, 128, /* 240-247 */
128, 128, 128, 128, 128, 128, 128, 128, /* 248-255 */
128, 128, 128, 128, 128, 128, 128, 128, /* 256-263 */
128, 128, 128, 128, 128, 128, 128, 128, /* 264-271 */
128, 128, 128, 128, 128, 128, 128, 128, /* 272-279 */
128, 128, 128, 128, 128, 128, 128, 128, /* 280-287 */
128, 128, 128, 128, 128, 128, 128, 128, /* 288-295 */
128, 128, 128, 128, 128, 128, 128, 128, /* 296-303 */
128, 128, 128, 128, 128, 128, 128, 128, /* 304-311 */
128, 128, 128, 128, 128, 128, 128, 128, /* 312-319 */
128, 128, 128, 128, 128, 128, 128, 128, /* 320-327 */
128, 128, 128, 128, 128, 128, 128, 128, /* 328-335 */
128, 128, 128, 128, 128, 128, 128, 128, /* 336-343 */
128, 128, 128, 128, 128, 128, 128, 128, /* 344-351 */
128, 128, 128, 128, 128, 128, 128, 128, /* 352-359 */
128, 128, 128, 128, 128, 128, 128, 128, /* 360-367 */
128, 128, 128, 128, 128, 128, 128, 128, /* 368-375 */
128, 128, 128, 128, 128, 128, 128, 128, /* 376-383 */
128, 128, 128, 128, 128, 128, 128, 128, /* 384-391 */
128, 128, 128, 128, 128, 128, 128, 128, /* 392-399 */
128, 128, 128, 128, 128, 128, 128, 128, /* 400-407 */
128, 128, 128, 128, 128, 128, 128, 128, /* 408-415 */
128, 128, 128, 128, 128, 128, 128, 128, /* 416-423 */
128, 128, 128, 128, 128, 128, 128, 128, /* 424-431 */
128, 128, 128, 128, 128, 128, 128, 128, /* 432-439 */
128, 128, 128, 128, 128, 128, 128, 128, /* 440-447 */
128, 128, 128, 128, 128, 128, 128, 128, /* 448-455 */
128, 128, 128, 128, 128, 128, 128, 128, /* 456-463 */
128, 128, 128, 128, 128, 128, 128, 128, /* 464-471 */
128, 128, 128, 128, 128, 128, 128, 128, /* 472-479 */
128, 128, 128, 128, 128, 128, 128, 128, /* 480-487 */
128, 128, 128, 128, 128, 128, 128, 128, /* 488-495 */
128, 128, 128, 128, 128, 128, 128, 128, /* 496-503 */
128, 128, 128, 128, 128, 128, 128, 128, /* 504-511 */
128, 128, 128, 128, 128, 128, 128, 128, /* 512-519 */
128, 128, 128, 128, 128, 128, 128, 128, /* 520-527 */
128, 128, 128, 128, 128, 128, 128, 128, /* 528-535 */
128, 128, 128, 128, 128, 128, 128, 128, /* 536-543 */
128, 128, 128, 128, 128, 128, 128, 128, /* 544-551 */
128, 128, 128, 128, 128, 128, 128, 128, /* 552-559 */
128, 128, 128, 128, 128, 128, 128, 128, /* 560-567 */
128, 128, 128, 128, 128, 128, 128, 128, /* 568-575 */
128, 128, 127, 128, 127, 128, 128, 127, /* 576-583 */
128, 127, 128, 127, 128, 127, 128, 127, /* 584-591 */
127, 127, 128, 127, 128, 127, 127, 128, /* 592-599 */
127, 128, 128, 128, 127, 127, 127, 127, /* 600-607 */
127, 127, 127, 128, 127, 127, 128, 127, /* 608-615 */
127, 127, 127, 127, 127, 127, 128, 127, /* 616-623 */
127, 127, 128, 128, 127, 127, 127, 128, /* 624-631 */
127, 127, 128, 127, 127, 127, 127, 127, /* 632-639 */
127, 127, 128, 127, 127, 128, 128, 127, /* 640-647 */
127, 127, 128, 128, 128, 128, 128, 128, /* 648-655 */
127, 128, 128, 127, 127, 128, 128, 127, /* 656-663 */
127, 127, 128, 128, 127, 128, 127, 128, /* 664-671 */
128, 128, 128, 128, 128, 127, 128, 128, /* 672-679 */
128, 128, 127, 128, 128, 127, 127, 128, /* 680-687 */
128, 128, 127, 127, 128, 128, 128, 128, /* 688-695 */
128, 127, 127, 128, 128, 127, 128, 128, /* 696-703 */
128, 128, 128, 128, 128, 127, 127, 128, /* 704-711 */
127, 128, 128, 128, 127, 127, 128, 128, /* 712-719 */
128, 128, 128, 128, 128, 127, 128, 128, /* 720-727 */
128, 128, 127, 128, 127, 127, 128, 128, /* 728-735 */
128, 128, 127, 128, 127, 127, 127, 128, /* 736-743 */
127, 127, 127, 127, 128, 128, 128, 127, /* 744-751 */
127, 127, 127, 128, 128, 127, 128, 128, /* 752-759 */
127, 127, 127, 127, 127, 127, 127, 127, /* 760-767 */
128, 127, 127, 127, 127, 127, 127, 127, /* 768-775 */
127, 128, 127, 127, 128, 127, 127, 127, /* 776-783 */
128, 128, 127, 127, 127, 127, 127, 127, /* 784-791 */
127, 127, 127, 127, 127, 127, 127, 127, /* 792-799 */
128, 128, 127, 127, 127, 128, 127, 126, /* 800-807 */
127, 128, 127, 127, 128, 127, 127, 127, /* 808-815 */
127, 127, 127, 128, 127, 128, 127, 127, /* 816-823 */
128, 127, 127, 127, 126, 127, 127, 127, /* 824-831 */
127, 127, 128, 128, 127, 127, 127, 127, /* 832-839 */
127, 127, 127, 127, 128, 127, 127, 128, /* 840-847 */
127, 127, 128, 128, 127, 126, 127, 128, /* 848-855 */
127, 127, 127, 127, 127, 127, 127, 127, /* 856-863 */
127, 127, 127, 127, 127, 127, 127, 127, /* 864-871 */
127, 127, 128, 128, 127, 128, 127, 127, /* 872-879 */
127, 127, 127, 127, 127, 127, 127, 127, /* 880-887 */
127, 128, 127, 127, 127, 126, 127, 127, /* 888-895 */
128, 127, 127, 127, 127, 126, 127, 128, /* 896-903 */
127, 127, 127, 127, 127, 126, 127, 128, /* 904-911 */
128, 128, 127, 127, 127, 127, 127, 127, /* 912-919 */
127, 127, 127, 128, 128, 127, 128, 127, /* 920-927 */
128, 127, 127, 128, 127, 128, 127, 127, /* 928-935 */
128, 127, 127, 128, 128, 128, 127, 128, /* 936-943 */
127, 128, 128, 127, 127, 127, 127, 128, /* 944-951 */
127, 127, 127, 127, 128, 127, 128, 127, /* 952-959 */
127, 127, 127, 128, 127, 127, 127, 127, /* 960-967 */
128, 127, 127, 127, 128, 127, 127, 127, /* 968-975 */
127, 127, 128, 127, 127, 127, 127, 127, /* 976-983 */
127, 128, 127, 127, 128, 127, 127, 127, /* 984-991 */
128, 128, 128, 127, 127, 127, 127, 128, /* 992-999 */
127, 128, 127, 127, 128, 128, 127, 128, /* 1000-1007 */
127, 127, 127, 127, 128, 127, 128, 128, /* 1008-1015 */
127, 127, 127, 127, 127, 127, 128, 127, /* 1016-1023 */
127, 127, 127, 128, 127, 128, 127, 127, /* 1024-1031 */
127, 127, 127, 128, 127, 127, 128, 127, /* 1032-1039 */
128, 127, 127, 127, 127, 127, 128, 127, /* 1040-1047 */
127, 128, 127, 127, 127, 127, 128, 127, /* 1048-1055 */
128, 127, 127, 128, 128, 127, 128, 127, /* 1056-1063 */
127, 127, 128, 128, 127, 128, 127, 127, /* 1064-1071 */
128, 127, 128, 128, 127, 127, 128, 127, /* 1072-1079 */
127, 127, 128, 127, 128, 128, 127, 127, /* 1080-1087 */
128, 128, 127, 127, 127, 127, 128, 128, /* 1088-1095 */
127, 127, 127, 127, 127, 127, 127, 127, /* 1096-1103 */
128, 127, 127, 128, 127, 127, 127, 128, /* 1104-1111 */
127, 128, 127, 127, 128, 127, 127, 127, /* 1112-1119 */
127, 128, 127, 128, 127, 127, 128, 127, /* 1120-1127 */
128, 127, 127, 128, 127, 128, 127, 127, /* 1128-1135 */
127, 128, 127, 127, 128, 128, 128, 127, /* 1136-1143 */
127, 127, 127, 127, 127, 128, 128, 127, /* 1144-1151 */
127, 127, 128, 127, 127, 128, 128, 127, /* 1152-1159 */
128, 128, 128, 128, 127, 127, 127, 127, /* 1160-1167 */
127, 127, 127, 127, 128, 127, 127, 128, /* 1168-1175 */
127, 127, 128, 128, 127, 128, 127, 127, /* 1176-1183 */
127, 127, 127, 127, 127, 128, 128, 128, /* 1184-1191 */
128, 127, 128, 127, 127, 128, 128, 128, /* 1192-1199 */
128, 128, 127, 127, 127, 127, 127, 127, /* 1200-1207 */
127, 127, 127, 127, 127, 128, 128, 128, /* 1208-1215 */
127, 127, 128, 127, 128, 128, 127, 127, /* 1216-1223 */
127, 127, 127, 128, 128, 127, 127, 127, /* 1224-1231 */
128, 128, 128, 128, 127, 128, 127, 127, /* 1232-1239 */
128, 127, 128, 127, 128, 127, 127, 127, /* 1240-1247 */
127, 128, 127, 127, 127, 128, 128, 127, /* 1248-1255 */
127, 127, 127, 128, 127, 128, 127, 128, /* 1256-1263 */
127, 127, 127, 128, 127, 127, 127, 127, /* 1264-1271 */
127, 127, 128, 127, 128, 128, 127, 127, /* 1272-1279 */
127, 127, 127, 128, 128, 128, 127, 127, /* 1280-1287 */
127, 127, 127, 127, 128, 127, 128, 128, /* 1288-1295 */
127, 128, 127, 128, 127, 127, 128, 127, /* 1296-1303 */
128, 127, 127, 128, 127, 128, 127, 127, /* 1304-1311 */
128, 127, 127, 127, 128, 128, 127, 127, /* 1312-1319 */
128, 127, 128, 127, 128, 127, 127, 127, /* 1320-1327 */
127, 127, 127, 127, 128, 127, 128, 127, /* 1328-1335 */
127, 128, 127, 128, 127, 127, 127, 128, /* 1336-1343 */
128, 127, 127, 128, 128, 128, 127, 128, /* 1344-1351 */
128, 127, 128, 127, 128, 128, 127, 128, /* 1352-1359 */
128, 128, 128, 127, 127, 127, 128, 128, /* 1360-1367 */
128, 127, 127, 127, 127, 127, 127, 128, /* 1368-1375 */
127, 127, 128, 127, 128, 128, 127, 128, /* 1376-1383 */
127, 127, 128, 128, 128, 128, 127, 127, /* 1384-1391 */
128, 128, 128, 128, 127, 128, 127, 128, /* 1392-1399 */
127, 127, 127, 127, 127, 127, 127, 127, /* 1400-1407 */
127, 127, 127, 127, 127, 127, 128, 127, /* 1408-1415 */
128, 128, 128, 128, 127, 128, 128, 127, /* 1416-1423 */
128, 128, 128, 128, 128, 127, 128, 128, /* 1424-1431 */
128, 127, 128, 128, 127, 128, 127, 127, /* 1432-1439 */
128, 127, 127, 128, 127, 128, 127, 127, /* 1440-1447 */
127, 127, 127, 126, 127, 126, 126, 127, /* 1448-1455 */
127, 127, 127, 127, 127, 126, 127, 127, /* 1456-1463 */
127, 127, 127, 126, 127, 128, 127, 127, /* 1464-1471 */
128, 128, 128, 128, 127, 127, 127, 127, /* 1472-1479 */
127, 128, 127, 127, 128, 128, 127, 127, /* 1480-1487 */
127, 127, 127, 127, 127, 126, 126, 126, /* 1488-1495 */
127, 127, 127, 127, 127, 127, 127, 126, /* 1496-1503 */
127, 127, 126, 127, 127, 127, 128, 127, /* 1504-1511 */
128, 128, 127, 128, 128, 128, 128, 128, /* 1512-1519 */
128, 128, 127, 127, 128, 128, 128, 127, /* 1520-1527 */
127, 127, 126, 126, 127, 126, 127, 127, /* 1528-1535 */
126, 127, 127, 127, 127, 127, 126, 126, /* 1536-1543 */
127, 127, 127, 127, 127, 126, 127, 128, /* 1544-1551 */
127, 128, 128, 129, 129, 129, 130, 130, /* 1552-1559 */
130, 130, 129, 129, 129, 128, 128, 128, /* 1560-1567 */
127, 126, 127, 126, 125, 126, 125, 125, /* 1568-1575 */
126, 126, 126, 125, 126, 127, 127, 127, /* 1576-1583 */
127, 127, 127, 127, 126, 127, 127, 127, /* 1584-1591 */
127, 127, 128, 129, 130, 131, 132, 132, /* 1592-1599 */
132, 133, 133, 132, 132, 131, 131, 129, /* 1600-1607 */
129, 128, 127, 127, 126, 126, 126, 125, /* 1608-1615 */
125, 126, 126, 126, 126, 125, 126, 127, /* 1616-1623 */
126, 127, 127, 126, 126, 126, 126, 125, /* 1624-1631 */
126, 127, 127, 128, 129, 131, 133, 134, /* 1632-1639 */
136, 137, 137, 137, 137, 136, 135, 134, /* 1640-1647 */
132, 131, 129, 128, 126, 125, 124, 124, /* 1648-1655 */
123, 123, 123, 124, 124, 125, 125, 126, /* 1656-1663 */
126, 126, 126, 126, 127, 126, 126, 126, /* 1664-1671 */
126, 126, 126, 126, 126, 127, 129, 132, /* 1672-1679 */
134, 137, 140, 142, 142, 143, 142, 141, /* 1680-1687 */
140, 138, 135, 132, 129, 126, 124, 123, /* 1688-1695 */
121, 120, 120, 120, 120, 121, 122, 123, /* 1696-1703 */
124, 125, 126, 126, 127, 126, 126, 126, /* 1704-1711 */
126, 127, 126, 126, 126, 127, 127, 128, /* 1712-1719 */
129, 131, 134, 138, 142, 145, 147, 147, /* 1720-1727 */
147, 145, 143, 141, 137, 133, 130, 125, /* 1728-1735 */
121, 119, 117, 116, 115, 116, 116, 118, /* 1736-1743 */
120, 122, 124, 125, 126, 128, 128, 129, /* 1744-1751 */
129, 128, 129, 127, 127, 127, 127, 128, /* 1752-1759 */
128, 128, 129, 130, 133, 136, 140, 145, /* 1760-1767 */
149, 151, 153, 152, 150, 147, 143, 138, /* 1768-1775 */
133, 128, 123, 119, 116, 113, 113, 113, /* 1776-1783 */
113, 115, 117, 120, 122, 124, 126, 127, /* 1784-1791 */
128, 128, 128, 129, 128, 128, 128, 127, /* 1792-1799 */
127, 127, 127, 128, 128, 129, 130, 131, /* 1800-1807 */
134, 138, 143, 149, 154, 157, 158, 157, /* 1808-1815 */
154, 149, 143, 136, 129, 123, 118, 113, /* 1816-1823 */
110, 108, 108, 109, 112, 115, 118, 122, /* 1824-1831 */
125, 127, 129, 130, 130, 131, 129, 129, /* 1832-1839 */
128, 127, 127, 127, 128, 128, 129, 130, /* 1840-1847 */
131, 132, 132, 133, 135, 139, 145, 151, /* 1848-1855 */
157, 160, 160, 157, 151, 144, 135, 127, /* 1856-1863 */
119, 113, 110, 108, 107, 108, 109, 112, /* 1864-1871 */
116, 121, 125, 128, 130, 131, 131, 131, /* 1872-1879 */
130, 130, 129, 128, 129, 128, 128, 129, /* 1880-1887 */
129, 130, 131, 130, 130, 130, 129, 128, /* 1888-1895 */
128, 132, 137, 145, 153, 159, 162, 160, /* 1896-1903 */
153, 143, 133, 124, 117, 113, 110, 110, /* 1904-1911 */
111, 112, 113, 116, 119, 123, 127, 130, /* 1912-1919 */
132, 132, 131, 130, 129, 128, 127, 128, /* 1920-1927 */
129, 129, 130, 129, 129, 129, 129, 128, /* 1928-1935 */
128, 127, 126, 126, 125, 125, 131, 140, /* 1936-1943 */
155, 170, 181, 186, 180, 168, 151, 133, /* 1944-1951 */
120, 110, 107, 106, 106, 107, 107, 108, /* 1952-1959 */
111, 114, 120, 126, 130, 132, 133, 132, /* 1960-1967 */
130, 129, 129, 130, 131, 132, 132, 132, /* 1968-1975 */
130, 128, 127, 126, 126, 126, 126, 126, /* 1976-1983 */
125, 125, 124, 125, 133, 145, 163, 179, /* 1984-1991 */
188, 189, 179, 163, 144, 126, 116, 110, /* 1992-1999 */
108, 109, 109, 108, 108, 108, 110, 115, /* 2000-2007 */
121, 126, 129, 130, 130, 130, 129, 131, /* 2008-2015 */
132, 134, 135, 134, 133, 131, 129, 128, /* 2016-2023 */
127, 127, 126, 126, 125, 125, 124, 125, /* 2024-2031 */
124, 126, 136, 150, 169, 183, 190, 187, /* 2032-2039 */
172, 153, 135, 121, 114, 112, 113, 113, /* 2040-2047 */
111, 108, 107, 108, 112, 118, 123, 126, /* 2048-2055 */
127, 126, 126, 126, 128, 132, 134, 135, /* 2056-2063 */
133, 131, 130, 129, 129, 129, 129, 128, /* 2064-2071 */
126, 125, 124, 124, 125, 126, 126, 127, /* 2072-2079 */
137, 153, 172, 188, 192, 183, 164, 144, /* 2080-2087 */
127, 118, 116, 118, 118, 114, 108, 104, /* 2088-2095 */
105, 109, 116, 122, 126, 126, 125, 125, /* 2096-2103 */
128, 132, 136, 138, 136, 134, 130, 129, /* 2104-2111 */
129, 131, 131, 129, 126, 124, 123, 123, /* 2112-2119 */
125, 127, 126, 126, 125, 125, 139, 158, /* 2120-2127 */
180, 194, 192, 178, 154, 134, 123, 120, /* 2128-2135 */
123, 122, 117, 109, 102, 103, 107, 114, /* 2136-2143 */
119, 119, 118, 117, 122, 128, 135, 139, /* 2144-2151 */
138, 135, 132, 131, 133, 135, 135, 132, /* 2152-2159 */
128, 124, 123, 124, 125, 126, 126, 124, /* 2160-2167 */
123, 123, 124, 128, 144, 164, 185, 194, /* 2168-2175 */
188, 170, 147, 132, 126, 127, 128, 122, /* 2176-2183 */
114, 106, 103, 107, 113, 117, 117, 114, /* 2184-2191 */
114, 118, 127, 134, 137, 136, 133, 131, /* 2192-2199 */
133, 135, 137, 136, 131, 127, 124, 125, /* 2200-2207 */
127, 127, 126, 123, 122, 122, 124, 127, /* 2208-2215 */
126, 128, 145, 169, 192, 197, 180, 153, /* 2216-2223 */
130, 124, 130, 137, 133, 119, 104,  99, /* 2224-2231 */
105, 116, 121, 118, 110, 107, 114, 127, /* 2232-2239 */
137, 139, 134, 128, 127, 133, 141, 142, /* 2240-2247 */
137, 129, 123, 125, 129, 132, 130, 123, /* 2248-2255 */
119, 120, 124, 130, 129, 126, 120, 122, /* 2256-2263 */
149, 179, 201, 197, 168, 142, 128, 132, /* 2264-2271 */
142, 138, 123, 103,  95, 105, 117, 124, /* 2272-2279 */
116, 104, 100, 109, 127, 138, 137, 128, /* 2280-2287 */
121, 126, 137, 146, 146, 134, 125, 123, /* 2288-2295 */
130, 139, 138, 131, 121, 118, 123, 129, /* 2296-2303 */
130, 125, 117, 117, 120, 130, 156, 179, /* 2304-2311 */
192, 186, 166, 150, 139, 139, 137, 127, /* 2312-2319 */
116, 104, 103, 112, 116, 117, 109, 103, /* 2320-2327 */
107, 116, 127, 131, 128, 125, 126, 134, /* 2328-2335 */
141, 144, 142, 136, 133, 134, 137, 137, /* 2336-2343 */
130, 126, 123, 122, 125, 123, 121, 119, /* 2344-2351 */
117, 121, 123, 127, 149, 174, 192, 191, /* 2352-2359 */
171, 150, 138, 139, 140, 131, 117, 104, /* 2360-2367 */
102, 111, 116, 116, 108, 102, 106, 117, /* 2368-2375 */
126, 129, 126, 124, 129, 137, 141, 141, /* 2376-2383 */
136, 132, 133, 135, 136, 132, 126, 124, /* 2384-2391 */
124, 125, 125, 121, 118, 119, 122, 126, /* 2392-2399 */
124, 125, 147, 174, 193, 190, 168, 149, /* 2400-2407 */
141, 144, 143, 129, 112, 101, 104, 113, /* 2408-2415 */
116, 112, 105, 105, 115, 125, 128, 126, /* 2416-2423 */
123, 128, 136, 141, 140, 135, 132, 133, /* 2424-2431 */
135, 135, 131, 127, 124, 125, 127, 125, /* 2432-2439 */
122, 120, 121, 124, 125, 125, 121, 124, /* 2440-2447 */
149, 176, 192, 187, 165, 151, 148, 148, /* 2448-2455 */
142, 124, 109, 107, 111, 115, 111, 103, /* 2456-2463 */
102, 107, 117, 122, 120, 122, 125, 133, /* 2464-2471 */
139, 138, 136, 135, 135, 138, 137, 132, /* 2472-2479 */
129, 127, 129, 128, 126, 123, 121, 122, /* 2480-2487 */
124, 123, 122, 122, 121, 135, 162, 183, /* 2488-2495 */
187, 174, 158, 153, 150, 144, 130, 113, /* 2496-2503 */
108, 110, 112, 109, 102, 102, 109, 116, /* 2504-2511 */
120, 118, 118, 125, 132, 138, 137, 135, /* 2512-2519 */
136, 139, 140, 138, 132, 130, 130, 129, /* 2520-2527 */
128, 123, 121, 122, 122, 124, 122, 120, /* 2528-2535 */
122, 123, 127, 147, 169, 182, 179, 164, /* 2536-2543 */
157, 155, 149, 138, 121, 113, 113, 113, /* 2544-2551 */
110, 104, 102, 107, 113, 116, 116, 116, /* 2552-2559 */
123, 131, 135, 136, 135, 137, 140, 141, /* 2560-2567 */
137, 134, 132, 133, 132, 127, 124, 122, /* 2568-2575 */
123, 125, 124, 121, 121, 123, 125, 125, /* 2576-2583 */
127, 146, 167, 178, 176, 162, 157, 157, /* 2584-2591 */
149, 136, 120, 113, 115, 114, 107, 101, /* 2592-2599 */
102, 111, 115, 115, 116, 118, 126, 132, /* 2600-2607 */
131, 132, 133, 138, 141, 138, 134, 133, /* 2608-2615 */
134, 135, 130, 126, 127, 126, 125, 122, /* 2616-2623 */
120, 121, 122, 123, 123, 121, 126, 147, /* 2624-2631 */
167, 175, 173, 164, 162, 160, 148, 135, /* 2632-2639 */
124, 118, 117, 112, 104, 102, 106, 113, /* 2640-2647 */
114, 110, 115, 120, 127, 131, 128, 132, /* 2648-2655 */
138, 139, 138, 135, 135, 137, 134, 130, /* 2656-2663 */
127, 126, 128, 124, 121, 121, 121, 124, /* 2664-2671 */
123, 121, 124, 125, 129, 146, 163, 173, /* 2672-2679 */
174, 165, 164, 162, 150, 137, 125, 120, /* 2680-2687 */
118, 110, 103, 103, 106, 111, 110, 109, /* 2688-2695 */
117, 122, 124, 125, 126, 133, 138, 136, /* 2696-2703 */
135, 136, 137, 136, 131, 128, 128, 128, /* 2704-2711 */
128, 124, 123, 125, 124, 123, 122, 122, /* 2712-2719 */
125, 126, 128, 147, 166, 172, 172, 167, /* 2720-2727 */
169, 168, 150, 134, 126, 123, 119, 107, /* 2728-2735 */
100, 104, 108, 108, 106, 109, 120, 126, /* 2736-2743 */
126, 127, 133, 140, 140, 136, 135, 139, /* 2744-2751 */
139, 133, 126, 128, 130, 125, 121, 119, /* 2752-2759 */
121, 125, 121, 119, 123, 126, 128, 127, /* 2760-2767 */
128, 150, 171, 172, 172, 172, 176, 172, /* 2768-2775 */
150, 137, 134, 127, 118, 104, 102, 108, /* 2776-2783 */
105, 101, 103, 112, 123, 122, 122, 131, /* 2784-2791 */
138, 142, 138, 136, 142, 142, 136, 130, /* 2792-2799 */
127, 130, 127, 118, 118, 121, 122, 120, /* 2800-2807 */
118, 121, 126, 126, 124, 125, 130, 143, /* 2808-2815 */
162, 171, 175, 183, 186, 184, 170, 154, /* 2816-2823 */
147, 137, 121, 108, 100,  98,  96,  92, /* 2824-2831 */
 95, 104, 111, 115, 120, 129, 139, 142, /* 2832-2839 */
142, 145, 149, 148, 143, 138, 134, 132, /* 2840-2847 */
127, 120, 118, 118, 117, 114, 114, 118, /* 2848-2855 */
120, 121, 121, 125, 130, 132, 142, 155, /* 2856-2863 */
162, 170, 175, 178, 178, 169, 159, 151, /* 2864-2871 */
139, 127, 115, 106, 102,  98,  95,  95, /* 2872-2879 */
 99, 104, 109, 114, 122, 130, 135, 138, /* 2880-2887 */
141, 143, 144, 143, 140, 137, 135, 132, /* 2888-2895 */
128, 125, 124, 123, 120, 119, 120, 121, /* 2896-2903 */
122, 123, 123, 125, 130, 142, 151, 156, /* 2904-2911 */
164, 169, 174, 173, 166, 161, 155, 145, /* 2912-2919 */
134, 122, 114, 108, 100,  96,  96,  97, /* 2920-2927 */
100, 102, 107, 116, 122, 127, 132, 136, /* 2928-2935 */
140, 142, 142, 142, 142, 140, 138, 135, /* 2936-2943 */
133, 132, 129, 127, 126, 126, 125, 125, /* 2944-2951 */
124, 125, 126, 131, 138, 143, 149, 153, /* 2952-2959 */
158, 162, 161, 158, 156, 151, 145, 136, /* 2960-2967 */
127, 122, 115, 109, 104, 101, 102, 103, /* 2968-2975 */
105, 110, 114, 118, 123, 126, 131, 134, /* 2976-2983 */
135, 135, 135, 135, 134, 131, 130, 128, /* 2984-2991 */
127, 126, 125, 126, 126, 127, 129, 129, /* 2992-2999 */
131, 134, 139, 145, 150, 153, 156, 159, /* 3000-3007 */
159, 157, 153, 149, 144, 137, 129, 123, /* 3008-3015 */
117, 111, 106, 103, 102, 102, 103, 106, /* 3016-3023 */
110, 114, 119, 123, 127, 131, 133, 135, /* 3024-3031 */
135, 136, 135, 134, 133, 132, 131, 131, /* 3032-3039 */
129, 129, 129, 129, 131, 131, 131, 132, /* 3040-3047 */
133, 137, 141, 144, 147, 149, 151, 151, /* 3048-3055 */
149, 147, 144, 139, 134, 127, 123, 118, /* 3056-3063 */
113, 109, 107, 105, 105, 107, 109, 111, /* 3064-3071 */
115, 119, 122, 126, 129, 131, 133, 134, /* 3072-3079 */
135, 135, 134, 132, 131, 130, 129, 127, /* 3080-3087 */
127, 128, 128, 128, 129, 130, 131, 133, /* 3088-3095 */
137, 141, 146, 150, 153, 155, 155, 154, /* 3096-3103 */
152, 150, 146, 141, 135, 129, 124, 118, /* 3104-3111 */
112, 108, 105, 104, 103, 104, 106, 109, /* 3112-3119 */
112, 115, 119, 123, 126, 129, 130, 132, /* 3120-3127 */
133, 133, 132, 132, 131, 130, 130, 129, /* 3128-3135 */
129, 129, 129, 130, 131, 133, 136, 140, /* 3136-3143 */
145, 149, 153, 156, 157, 157, 156, 153, /* 3144-3151 */
150, 145, 140, 134, 127, 121, 114, 110, /* 3152-3159 */
106, 104, 102, 101, 103, 105, 108, 111, /* 3160-3167 */
115, 119, 123, 126, 128, 131, 132, 133, /* 3168-3175 */
132, 132, 132, 131, 130, 130, 130, 130, /* 3176-3183 */
130, 131, 132, 132, 135, 139, 143, 147, /* 3184-3191 */
151, 154, 156, 157, 156, 155, 152, 148, /* 3192-3199 */
143, 137, 130, 124, 118, 112, 107, 104, /* 3200-3207 */
102, 100, 101, 103, 105, 108, 112, 116, /* 3208-3215 */
121, 124, 128, 131, 132, 133, 134, 133, /* 3216-3223 */
133, 132, 131, 130, 129, 129, 128, 129, /* 3224-3231 */
129, 130, 131, 135, 140, 143, 148, 152, /* 3232-3239 */
156, 158, 158, 157, 156, 153, 148, 143, /* 3240-3247 */
136, 129, 123, 116, 110, 106, 102, 100, /* 3248-3255 */
 99, 100, 103, 106, 110, 114, 118, 123, /* 3256-3263 */
127, 130, 132, 134, 135, 135, 134, 134, /* 3264-3271 */
133, 131, 130, 129, 128, 128, 128, 129, /* 3272-3279 */
130, 132, 136, 141, 145, 150, 154, 158, /* 3280-3287 */
160, 159, 158, 156, 152, 147, 140, 133, /* 3288-3295 */
126, 119, 112, 107, 102,  99,  98,  98, /* 3296-3303 */
 99, 102, 105, 110, 114, 119, 124, 127, /* 3304-3311 */
131, 134, 135, 135, 135, 134, 133, 132, /* 3312-3319 */
130, 129, 128, 128, 127, 127, 129, 131, /* 3320-3327 */
135, 141, 146, 151, 155, 159, 162, 162, /* 3328-3335 */
162, 159, 155, 150, 144, 136, 129, 120, /* 3336-3343 */
113, 107, 101,  97,  95,  94,  95,  98, /* 3344-3351 */
102, 106, 111, 116, 122, 126, 130, 134, /* 3352-3359 */
136, 137, 137, 136, 135, 134, 132, 130, /* 3360-3367 */
129, 127, 127, 127, 128, 130, 134, 139, /* 3368-3375 */
144, 149, 155, 159, 162, 164, 164, 163, /* 3376-3383 */
160, 156, 149, 141, 134, 126, 118, 110, /* 3384-3391 */
104,  99,  95,  93,  93,  94,  96, 100, /* 3392-3399 */
105, 111, 116, 122, 127, 131, 135, 137, /* 3400-3407 */
138, 139, 138, 137, 136, 134, 132, 130, /* 3408-3415 */
128, 127, 127, 128, 131, 135, 141, 146, /* 3416-3423 */
151, 156, 160, 163, 165, 165, 164, 161, /* 3424-3431 */
155, 149, 142, 134, 126, 117, 110, 103, /* 3432-3439 */
 97,  94,  91,  91,  92,  95,  99, 103, /* 3440-3447 */
109, 115, 121, 126, 131, 134, 137, 139, /* 3448-3455 */
139, 139, 138, 136, 134, 132, 130, 128, /* 3456-3463 */
127, 127, 129, 133, 137, 142, 146, 151, /* 3464-3471 */
156, 159, 162, 164, 163, 161, 157, 152, /* 3472-3479 */
146, 138, 131, 122, 115, 108, 102,  98, /* 3480-3487 */
 95,  94,  94,  96,  98, 103, 108, 112, /* 3488-3495 */
118, 123, 127, 130, 133, 136, 136, 136, /* 3496-3503 */
135, 134, 132, 130, 128, 127, 126, 126, /* 3504-3511 */
128, 131, 135, 140, 145, 150, 155, 159, /* 3512-3519 */
162, 163, 164, 162, 159, 154, 148, 141, /* 3520-3527 */
134, 126, 119, 113, 107, 102,  99,  97, /* 3528-3535 */
 96,  98, 100, 103, 107, 112, 117, 121, /* 3536-3543 */
125, 128, 131, 133, 134, 134, 134, 133, /* 3544-3551 */
132, 130, 129, 127, 126, 127, 127, 130, /* 3552-3559 */
134, 138, 143, 148, 153, 157, 160, 162, /* 3560-3567 */
163, 162, 160, 156, 151, 145, 138, 131, /* 3568-3575 */
124, 118, 112, 107, 104, 101, 100, 100, /* 3576-3583 */
101, 103, 107, 110, 113, 117, 121, 124, /* 3584-3591 */
126, 129, 130, 131, 131, 131, 131, 130, /* 3592-3599 */
129, 128, 128, 127, 128, 130, 134, 138, /* 3600-3607 */
142, 147, 152, 155, 158, 161, 162, 161, /* 3608-3615 */
160, 157, 153, 148, 142, 136, 130, 125, /* 3616-3623 */
120, 115, 111, 109, 107, 106, 106, 107, /* 3624-3631 */
109, 111, 113, 116, 119, 121, 123, 126, /* 3632-3639 */
127, 128, 129, 129, 130, 130, 129, 129, /* 3640-3647 */
129, 129, 128, 129, 132, 136, 139, 143, /* 3648-3655 */
148, 152, 156, 158, 160, 161, 160, 159, /* 3656-3663 */
156, 153, 149, 144, 139, 134, 129, 124, /* 3664-3671 */
120, 117, 114, 112, 111, 111, 111, 112, /* 3672-3679 */
113, 115, 117, 120, 121, 123, 125, 127, /* 3680-3687 */
128, 129, 130, 130, 130, 130, 130, 130, /* 3688-3695 */
130, 129, 130, 134, 137, 140, 142, 146, /* 3696-3703 */
149, 151, 151, 152, 152, 151, 148, 146, /* 3704-3711 */
144, 142, 138, 135, 133, 131, 128, 125, /* 3712-3719 */
124, 123, 121, 120, 120, 120, 120, 120, /* 3720-3727 */
121, 121, 122, 122, 123, 124, 125, 125, /* 3728-3735 */
126, 126, 127, 127, 127, 127, 128, 128, /* 3736-3743 */
128, 127, 130, 135, 137, 138, 141, 144, /* 3744-3751 */
146, 145, 144, 145, 145, 144, 141, 140, /* 3752-3759 */
140, 138, 135, 133, 133, 131, 129, 127, /* 3760-3767 */
127, 126, 124, 123, 123, 123, 122, 121, /* 3768-3775 */
122, 123, 123, 123, 122, 124, 124, 124, /* 3776-3783 */
124, 125, 127, 126, 126, 127, 127, 127, /* 3784-3791 */
127, 127, 129, 132, 135, 136, 137, 139, /* 3792-3799 */
141, 141, 140, 140, 141, 140, 139, 138, /* 3800-3807 */
137, 137, 135, 134, 132, 132, 131, 129, /* 3808-3815 */
128, 127, 126, 125, 124, 124, 123, 123, /* 3816-3823 */
122, 122, 123, 123, 122, 123, 123, 124, /* 3824-3831 */
124, 123, 125, 125, 125, 125, 126, 127, /* 3832-3839 */
126, 126, 127, 130, 133, 133, 134, 136, /* 3840-3847 */
137, 137, 136, 137, 138, 137, 136, 136, /* 3848-3855 */
136, 136, 133, 133, 133, 132, 132, 130, /* 3856-3863 */
129, 130, 128, 128, 127, 127, 127, 125, /* 3864-3871 */
125, 125, 124, 124, 124, 124, 124, 123, /* 3872-3879 */
123, 123, 124, 125, 124, 125, 125, 126, /* 3880-3887 */
126, 126, 126, 127, 129, 131, 132, 131, /* 3888-3895 */
132, 133, 134, 133, 133, 135, 135, 134, /* 3896-3903 */
134, 134, 134, 133, 132, 132, 133, 132, /* 3904-3911 */
131, 130, 130, 130, 127, 128, 128, 127, /* 3912-3919 */
126, 125, 125, 125, 124, 123, 124, 125, /* 3920-3927 */
124, 123, 124, 125, 125, 124, 125, 126, /* 3928-3935 */
125, 125, 125, 126, 126, 127, 129, 129, /* 3936-3943 */
128, 129, 129, 130, 129, 129, 131, 132, /* 3944-3951 */
131, 130, 131, 132, 130, 129, 130, 131, /* 3952-3959 */
130, 128, 128, 129, 129, 128, 127, 127, /* 3960-3967 */
128, 127, 126, 126, 126, 126, 125, 126, /* 3968-3975 */
126, 125, 126, 126, 125, 125, 125, 125, /* 3976-3983 */
126, 126, 126, 126, 126, 126, 127, 128, /* 3984-3991 */
128, 127, 128, 128, 129, 128, 128, 129, /* 3992-3999 */
130, 129, 129, 129, 130, 129, 128, 129, /* 4000-4007 */
130, 129, 128, 129, 129, 129, 128, 127, /* 4008-4015 */
128, 128, 127, 127, 127, 127, 127, 127, /* 4016-4023 */
127, 126, 127, 126, 126, 127, 126, 126, /* 4024-4031 */
126, 126, 126, 125, 126, 126, 127, 126, /* 4032-4039 */
126, 128, 128, 127, 127, 128, 129, 127, /* 4040-4047 */
127, 128, 130, 129, 127, 128, 129, 129, /* 4048-4055 */
127, 128, 128, 128, 127, 126, 127, 127, /* 4056-4063 */
127, 126, 126, 127, 126, 126, 126, 128, /* 4064-4071 */
127, 126, 126, 127, 127, 126, 126, 128, /* 4072-4079 */
128, 127, 126, 128, 128, 127, 125, 127, /* 4080-4087 */
129, 127, 126, 126, 128, 128, 125, 126, /* 4088-4095 */
128, 128, 127, 126, 127, 127, 126, 126, /* 4096-4103 */
127, 127, 127, 127, 127, 128, 127, 126, /* 4104-4111 */
126, 128, 128, 127, 127, 127, 128, 127, /* 4112-4119 */
126, 127, 128, 128, 127, 127, 128, 128, /* 4120-4127 */
127, 126, 127, 128, 127, 126, 127, 128, /* 4128-4135 */
127, 127, 126, 127, 128, 127, 126, 127, /* 4136-4143 */
128, 127, 126, 126, 127, 127, 126, 127, /* 4144-4151 */
127, 127, 127, 127, 127, 127, 127, 127, /* 4152-4159 */
127, 127, 127, 126, 127, 127, 127, 126, /* 4160-4167 */
126, 127, 127, 127, 126, 126, 127, 126, /* 4168-4175 */
127, 127, 127, 127, 127, 128, 128, 127, /* 4176-4183 */
127, 128, 128, 128, 127, 127, 128, 127, /* 4184-4191 */
127, 127, 128, 127, 126, 127, 127, 128, /* 4192-4199 */
127, 127, 127, 126, 126, 127, 127, 127, /* 4200-4207 */
127, 126, 126, 126, 127, 126, 127, 127, /* 4208-4215 */
127, 127, 126, 127, 128, 127, 126, 127, /* 4216-4223 */
127, 127, 127, 127, 127, 127, 127, 127, /* 4224-4231 */
127, 127, 128, 128, 128, 128, 128, 128, /* 4232-4239 */
128, 128, 128, 127, 128, 127, 126, 127, /* 4240-4247 */
128, 127, 126, 127, 127, 127, 126, 126, /* 4248-4255 */
126, 128, 127, 126, 127, 128, 127, 126, /* 4256-4263 */
126, 127, 128, 128, 127, 127, 127, 127, /* 4264-4271 */
127, 127, 127, 127, 127, 127, 127, 127, /* 4272-4279 */
127, 126, 126, 127, 127, 126, 127, 127, /* 4280-4287 */
127, 127, 127, 127, 128, 127, 127, 127, /* 4288-4295 */
128, 128, 126, 127, 128, 127, 128, 127, /* 4296-4303 */
127, 128, 127, 126, 127, 127, 128, 127, /* 4304-4311 */
128, 127, 127, 127, 126, 127, 128, 127, /* 4312-4319 */
128, 128, 127, 127, 127, 128, 127, 126, /* 4320-4327 */
127, 128, 128, 127, 126, 127, 127, 126, /* 4328-4335 */
126, 126, 127, 127, 126, 127, 127, 127, /* 4336-4343 */
127, 127, 127, 127, 127, 127, 127, 127, /* 4344-4351 */
126, 127, 127, 128, 127, 126, 127, 128, /* 4352-4359 */
127, 127, 127, 127, 127, 127, 127, 127, /* 4360-4367 */
127, 126, 127, 128, 128, 127, 126, 127, /* 4368-4375 */
127, 127, 127, 127, 128, 128, 127, 126, /* 4376-4383 */
126, 127, 127, 127, 127, 127, 127, 127, /* 4384-4391 */
127, 127, 127, 128, 127, 127, 128, 127, /* 4392-4399 */
127, 127, 127, 128, 127, 128, 127, 127, /* 4400-4407 */
127, 126, 127, 127, 127, 127, 127, 127, /* 4408-4415 */
127, 127, 126, 127, 128, 128, 127, 126, /* 4416-4423 */
127, 127, 127, 126, 127, 127, 128, 127, /* 4424-4431 */
127, 128, 128, 127, 127, 127, 128, 128, /* 4432-4439 */
128, 128, 127, 128, 128, 127, 127, 128, /* 4440-4447 */
127, 127, 126, 127, 128, 127, 127, 127, /* 4448-4455 */
127, 127, 127, 127, 127, 127, 127, 126, /* 4456-4463 */
127, 127, 127, 127, 128, 128, 128, 128, /* 4464-4471 */
128, 128, 128, 127, 127, 127, 127, 126, /* 4472-4479 */
127, 127, 126, 127, 127, 126, 126, 127, /* 4480-4487 */
127, 126, 126, 127, 127, 127, 127, 126, /* 4488-4495 */
127, 128, 127, 127, 127, 128, 127, 127, /* 4496-4503 */
127, 127, 128, 127, 126, 127, 127, 128, /* 4504-4511 */
128, 127, 127, 128, 127, 127, 127, 127, /* 4512-4519 */
128, 127, 126, 127, 126, 127, 127, 127, /* 4520-4527 */
128, 127, 128, 127, 127, 126, 127, 127, /* 4528-4535 */
127, 127, 128, 127, 127, 127, 127, 127, /* 4536-4543 */
127, 127, 128, 128, 128, 128, 128, 127, /* 4544-4551 */
127, 128, 127, 127, 127, 127, 128, 127, /* 4552-4559 */
127, 127, 127, 127, 126, 127, 127, 127, /* 4560-4567 */
127, 127, 128, 127, 128, 127, 127, 127, /* 4568-4575 */
127, 127, 127, 127, 127, 128, 127, 127, /* 4576-4583 */
127, 128, 128, 128, 127, 128, 128, 127, /* 4584-4591 */
127, 127, 127, 128, 127, 127, 127, 126, /* 4592-4599 */
126, 126, 127, 127, 127, 127, 127, 127, /* 4600-4607 */
127, 126, 127, 127, 127, 128, 127, 126, /* 4608-4615 */
127, 127, 127, 127, 127, 127, 127, 127, /* 4616-4623 */
127, 127, 127, 126, 127, 127, 126, 127, /* 4624-4631 */
127, 127, 127, 127, 127, 127, 127, 126, /* 4632-4639 */
127, 128, 127, 128, 128, 127, 127, 128, /* 4640-4647 */
127, 128, 128, 127, 127, 128, 127, 127, /* 4648-4655 */
128, 128, 127, 127, 128, 128, 128, 127, /* 4656-4663 */
127, 127, 127, 128, 128, 128, 128, 128, /* 4664-4671 */
128, 128, 127, 127, 127, 127, 127, 127, /* 4672-4679 */
127, 127, 128, 127, 128, 128, 127, 128, /* 4680-4687 */
127, 127, 128, 128, 127, 127, 128, 128, /* 4688-4695 */
127, 127, 128, 127, 127, 128, 127, 128, /* 4696-4703 */
127, 127, 128, 128, 128, 128, 128, 128, /* 4704-4711 */
127, 127, 128, 128, 128, 128, 128, 127, /* 4712-4719 */
127, 126, 127, 127, 127, 127, 127, 127, /* 4720-4727 */
127, 127, 128, 127, 127, 127, 127, 127, /* 4728-4735 */
128, 127, 127, 128, 128, 127, 128, 127, /* 4736-4743 */
128, 127, 127, 128, 127, 128, 127, 127, /* 4744-4751 */
127, 126, 126, 126, 127, 127, 127, 127, /* 4752-4759 */
127, 127, 126, 127, 128, 128, 127, 127, /* 4760-4767 */
128, 128, 128, 128, 128, 128, 127, 126, /* 4768-4775 */
127, 128, 127, 127, 128, 128, 127, 126, /* 4776-4783 */
127, 128, 128, 127, 127, 128, 127, 127, /* 4784-4791 */
128, 127, 127, 127, 127, 128, 128, 127, /* 4792-4799 */
128, 127, 127, 127, 126, 127, 127, 127, /* 4800-4807 */
126, 127, 127, 126, 127, 127, 127, 127, /* 4808-4815 */
127, 127, 127, 127, 127, 128, 128, 127, /* 4816-4823 */
128, 127, 127, 128, 127, 127, 128, 128, /* 4824-4831 */
128, 127, 127, 128, 128, 128, 128, 127, /* 4832-4839 */
127, 127, 128, 127, 127, 128, 127, 127, /* 4840-4847 */
127, 127, 127, 127, 127, 126, 127, 127, /* 4848-4855 */
127, 127, 127, 127, 127, 127, 127, 127, /* 4856-4863 */
127, 127, 127, 128, 127, 127, 127, 127, /* 4864-4871 */
128, 127, 127, 127, 128, 128, 127, 127, /* 4872-4879 */
128, 127, 127, 127, 127, 128, 127, 128, /* 4880-4887 */
128, 128, 128, 127, 127, 128, 128, 128, /* 4888-4895 */
128, 128, 128, 128, 128, 128, 128, 128, /* 4896-4903 */
128, 127, 128, 128, 128, 128, 127, 128, /* 4904-4911 */
128, 127, 128, 128, 128, 128, 128, 128, /* 4912-4919 */
128, 128, 128, 128, 127, 127, 128, 127, /* 4920-4927 */
128, 128, 128, 127, 127, 128, 127, 128, /* 4928-4935 */
128, 128, 127, 127, 128, 127, 128, 128, /* 4936-4943 */
128, 128, 127, 128, 128, 128, 128, 127, /* 4944-4951 */
128, 128, 127, 127, 127, 127, 127, 127, /* 4952-4959 */
128, 127, 127, 126, 127, 128, 127, 127, /* 4960-4967 */
128, 127, 127, 127, 127, 127, 128, 127, /* 4968-4975 */
126, 126, 127, 127, 127, 127, 127, 128, /* 4976-4983 */
127, 126, 127, 127, 127, 126, 127, 127, /* 4984-4991 */
126, 127, 126, 127, 127, 127, 127, 127, /* 4992-4999 */
127, 127, 127, 127, 127, 126, 127, 127, /* 5000-5007 */
126, 127, 127, 127, 127, 126, 127, 127, /* 5008-5015 */
127, 126, 127, 127, 127, 127, 127, 127, /* 5016-5023 */
127, 127, 127, 127, 126, 127, 127, 127, /* 5024-5031 */
127, 127, 127, 127, 127, 126, 127, 127, /* 5032-5039 */
126, 127, 127, 127, 127, 127, 127, 127, /* 5040-5047 */
128, 127, 127, 127, 127, 128, 127, 127, /* 5048-5055 */
127, 127, 128, 127, 127, 127, 127, 127, /* 5056-5063 */
127, 127, 127, 128, 127, 128, 127, 127, /* 5064-5071 */
127, 127, 127, 128, 127, 128, 127, 127, /* 5072-5079 */
127, 128, 128, 128, 128, 128, 127, 128, /* 5080-5087 */
128, 127, 128, 127, 127, 127, 128, 128, /* 5088-5095 */
127, 127, 127, 127, 127, 127, 128, 127, /* 5096-5103 */
127, 127, 127, 127, 128, 127, 127, 128, /* 5104-5111 */
128, 128, 127, 127, 127, 127, 128, 128, /* 5112-5119 */
127, 128, 127, 127, 128, 127, 127, 127, /* 5120-5127 */
127, 127, 127, 127, 127, 127, 128, 127, /* 5128-5135 */
127, 127, 127, 127, 128, 128, 128, 128, /* 5136-5143 */
127, 128, 128, 128, 128, 128, 128, 128, /* 5144-5151 */
127, 127, 127, 127, 127, 127, 127, 127, /* 5152-5159 */
128, 128, 128, 128, 128, 128, 128, 127, /* 5160-5167 */
128, 128, 128, 128, 128, 128, 127, 127, /* 5168-5175 */
128, 128, 127, 127, 127, 127, 128, 127, /* 5176-5183 */
127, 128, 128, 127, 128, 128, 128, 128, /* 5184-5191 */
128, 127, 128, 128, 128, 127, 127, 128, /* 5192-5199 */
127, 128, 128, 128, 127, 127, 127, 128, /* 5200-5207 */
127, 127, 127, 128, 128, 128, 128, 127, /* 5208-5215 */
128, 128, 128, 127, 128, 127, 127, 128, /* 5216-5223 */
128, 128, 128, 128, 127, 127, 127, 127, /* 5224-5231 */
128, 127, 128, 128, 127, 127, 127, 127, /* 5232-5239 */
127, 127, 127, 127, 128, 128, 127, 127, /* 5240-5247 */
128, 127, 128, 128, 127, 128, 128, 128, /* 5248-5255 */
128, 128, 128, 128, 127, 127, 127, 128, /* 5256-5263 */
127, 127, 128, 128, 127, 128, 127, 128, /* 5264-5271 */
127, 128, 128, 127, 128, 127, 128, 127, /* 5272-5279 */
127, 128, 127, 128, 127, 127, 128, 127, /* 5280-5287 */
128, 127, 127, 128, 128, 127, 127, 128, /* 5288-5295 */
127, 127, 128, 127, 127, 127, 128, 128, /* 5296-5303 */
128, 128, 128, 127, 127, 128, 128, 127, /* 5304-5311 */
128, 127, 128, 128, 127, 128, 127, 127, /* 5312-5319 */
128, 128, 128, 128, 128, 127, 128, 127, /* 5320-5327 */
127, 127, 127, 128, 127, 127, 128, 128, /* 5328-5335 */
127, 128, 127, 128, 127, 127, 127, 128, /* 5336-5343 */
128, 128, 128, 128, 127, 128, 128, 128, /* 5344-5351 */
128, 128, 128, 127, 128, 127, 128, 127, /* 5352-5359 */
128, 127, 128, 127, 128, 128, 127, 128, /* 5360-5367 */
127, 128, 128, 128, 127, 128, 127, 128, /* 5368-5375 */
128, 127, 128, 127, 127, 128, 127, 128, /* 5376-5383 */
127, 128, 127, 128, 127, 128, 127, 128, /* 5384-5391 */
128, 128, 127, 128, 127, 127, 127, 128, /* 5392-5399 */
127, 128, 127, 128, 127, 128, 128, 127, /* 5400-5407 */
128, 127, 128, 127, 128, 128, 127, 128, /* 5408-5415 */
127, 127, 127, 127, 127, 127, 127, 128, /* 5416-5423 */
127, 128, 127, 127, 128, 127, 128, 127, /* 5424-5431 */
128, 127, 128, 127, 128, 128, 127, 128, /* 5432-5439 */
127, 128, 128, 127, 128, 127, 128, 127, /* 5440-5447 */
128, 127, 128, 127, 128, 127, 128, 128, /* 5448-5455 */
127, 128, 127, 127, 128, 128, 127, 128, /* 5456-5463 */
128, 127, 128, 127, 127, 128, 127, 128, /* 5464-5471 */
127, 128, 127, 128, 127, 128, 127, 128, /* 5472-5479 */
128, 128, 128, 128, 128, 128, 128, 128, /* 5480-5487 */
128, 128, 128, 128, 128, 128, 128, 128, /* 5488-5495 */
128, 128, 128, 128, 128, 128, 128, 128, /* 5496-5503 */
128, 128, 128, 128, 128, 128, 128, 128, /* 5504-5511 */
128, 128, 128, 128, 128, 128, 128, 128, /* 5512-5519 */
128, 128, 128, 128, 128, 128, 128, 128, /* 5520-5527 */
128, 128, 128, 128, 128, 128, 128, 128, /* 5528-5535 */
128, 128, 128, 128, 128, 128, 128, 128, /* 5536-5543 */
128, 128, 128, 128, 128, 128, 128, 128, /* 5544-5551 */
128, 128, 128, 128, 128, 128, 128, 128, /* 5552-5559 */
128, 128, 128, 128, 128, 128, 128, 128, /* 5560-5567 */
128, 128, 128, 128, 128, 128, 128, 128, /* 5568-5575 */
128, 128, 128, 128, 128, 128, 128, 128, /* 5576-5583 */
128, 128, 128, 128, 128, 128, 128, 128, /* 5584-5591 */
128, 128, 128, 128, 128, 128, 128, 128, /* 5592-5599 */
128, 128, 128, 128, 128, 128, 128, 128, /* 5600-5607 */
128, 128, 128, 128, 128, 128, 128, 128, /* 5608-5615 */
128, 128, 128, 128, 128, 128, 128, 128, /* 5616-5623 */
128, 128, 128, 128, 128, 128, 128, 128, /* 5624-5631 */
128, 128, 128, 128, 128, 128, 128, 128, /* 5632-5639 */
128, 128, 128, 128, 128, 128, 128, 128, /* 5640-5647 */
128, 128, 128, 128, 128, 128, 128, 128, /* 5648-5655 */
128, 128, 128, 128, 128, 128, 128, 128, /* 5656-5663 */
128, 128, 128, 128, 128, 128, 128, 128, /* 5664-5671 */
128, 128, 128, 128, 128, 128, 128, 128, /* 5672-5679 */
128, 128, 128, 128, 128, 128, 128, 128, /* 5680-5687 */
128, 128, 128, 128, 128, 128, 128, 128, /* 5688-5695 */
128, 128, 128, 128, 128, 128, 128, 128, /* 5696-5703 */
128, 128, 128, 128, 128, 128, 128, 128, /* 5704-5711 */
128, 128, 128, 128, 128, 128, 128, 128, /* 5712-5719 */
128, 128, 128, 128, 128, 128, 128, 128, /* 5720-5727 */
128, 128, 128, 128, 128, 128, 128, 128, /* 5728-5735 */
128, 128, 128, 128, 128, 128, 128, 128, /* 5736-5743 */
128, 128, 128, 128, 128, 128, 128, 128, /* 5744-5751 */
128, 128, 128, 128, 128, 128, 128, 128, /* 5752-5759 */
128, 128, 128, 128, 128, 128, 128, 128, /* 5760-5767 */
128, 128, 128, 128, 128, 128, 128, 128, /* 5768-5775 */
128, 128, 128, 128, 128, 128, 128, 128, /* 5776-5783 */
128, 128, 128, 128, 128, 128, 128, 128, /* 5784-5791 */
128, 128, 128, 128, 128, 128, 128, 128, /* 5792-5799 */
128, 128, 128, 128, 128, 128, 128, 128, /* 5800-5807 */
128, 128, 128, 128, 128, 128, 128, 128, /* 5808-5815 */
128, 128, 128, 128, 128, 128, 128, 128, /* 5816-5823 */
128, 128, 128, 128, 128, 128, 128, 128, /* 5824-5831 */
128, 128, 128, 128, 128, 128, 128, 128, /* 5832-5839 */
128, 128, 128, 128, 128, 128, 128, 128, /* 5840-5847 */
128, 128, 128, 128, 128, 128, 128, 128, /* 5848-5855 */
128, 128, 128, 128, 128, 128, 128, 128, /* 5856-5863 */
128, 128, 128, 128, 128, 128, 128, 128, /* 5864-5871 */
128, 128, 128, 128, 128, 128, 128, 128, /* 5872-5879 */
128, 128, 128, 128, 128, 128, 128, 128, /* 5880-5887 */
128, 128, 128, 128, 128, 128, 128, 128, /* 5888-5895 */
128, 128, 128, 128, 128, 128, 128, 128, /* 5896-5903 */
128, 128, 128, 128, 128, 128, 128, 128, /* 5904-5911 */
128, 128, 128, 128, 128, 128, 128, 128, /* 5912-5919 */
128, 128, 128, 128, 128, 128, 128, 128, /* 5920-5927 */
128, 128, 128, 128, 128, 128, 128, 128, /* 5928-5935 */
128, 128, 128, 128, 128, 128, 128, 128, /* 5936-5943 */
128, 128, 128, 128, 128, 128, 128, 128, /* 5944-5951 */
128, 128, 128, 128, 128, 128, 128, 128, /* 5952-5959 */
128, 128, 128, 128, 128, 128, 128, 128, /* 5960-5967 */
128, 128, 128, 128, 128, 128, 128, 128, /* 5968-5975 */
128, 128, 128, 128, 128, 128, 128, 128, /* 5976-5983 */
128, 128, 128, 128, 128, 128, 128, 128, /* 5984-5991 */
128, 128, 128, 128, 128, 128, 128, 128, /* 5992-5999 */
128, 128, 128, 128, 128, 128, 128, 128, /* 6000-6007 */
128, 128, 128, 128, 128, 128, 128, 128, /* 6008-6015 */
128, 128, 128, 128, 128, 128, 128, 128, /* 6016-6023 */
128, 128, 128, 128, 128, 128, 128, 128, /* 6024-6031 */
128, 128, 128, 128, 128, 128, 128, 128, /* 6032-6039 */
128, 128, 128, 128, 128, 128, 128, 128, /* 6040-6047 */
128, 128, 128, 128, 128, 128, 128, 128, /* 6048-6055 */
128, 128, 128, 128, 128, 128, 128, 128, /* 6056-6063 */
128, 128, 128, 128, 128, 128, 128, 128, /* 6064-6071 */
128, 128, 128, 128, 128, 128, 128, 128, /* 6072-6079 */
128, 128, 128, 128, 128, 128, 128, 128, /* 6080-6087 */
128, 128, 128, 128, 128, 128, 128, 128, /* 6088-6095 */
128, 128, 128, 128, 128, 128, 128, 128, /* 6096-6103 */
128, 128, 128, 128, 128, 128, 128, 128, /* 6104-6111 */
128, 128, 128, 128, 128, 128, 128, 128, /* 6112-6119 */
128, 128, 128, 128, 128, 128, 128, 128, /* 6120-6127 */
128, 128, 128, 128, 128, 128, 128, 128, /* 6128-6135 */
128, 128, 128, 128, 128, 128, 128, 128, /* 6136-6143 */
128, 128, 128, 128, 128, 128, 128, 128, /* 6144-6151 */
128, 128, 128, 128, 128, 128, 128, 128, /* 6152-6159 */
128, 128, 128, 128, 128, 128, 128, 128, /* 6160-6167 */
128, 128, 128, 128, 128, 128, 128, 128, /* 6168-6175 */
128, 128, 128, 128, 128, 128, 128, 128, /* 6176-6183 */
128, 128, 128, 128, 128, 128, 128, 128, /* 6184-6191 */
128, 128, 128, 128, 128, 128, 128, 128, /* 6192-6199 */
128, 128, 128, 128, 128, 128, 128, 128, /* 6200-6207 */
128, 128, 128, 128, 128, 128, 128, 128, /* 6208-6215 */
128, 128, 128, 128, 128, 128, 128, 128, /* 6216-6223 */
128, 128, 128, 128, 128, 128, 128, 128, /* 6224-6231 */
128, 128, 128, 128, 128, 128, 128, 128, /* 6232-6239 */
128, 128, 128, 128, 128, 128, 128, 128, /* 6240-6247 */
128, 128, 128, 128, 128, 128, 128, 128, /* 6248-6255 */
128, 128, 128, 128, 128, 128, 128, 128, /* 6256-6263 */
128, 128, 128, 128, 128, 128, 128, 128, /* 6264-6271 */
128, 128, 128, 128, 128, 128, 128, 128, /* 6272-6279 */
128, 128, 128, 128, 128, 128, 128, 128, /* 6280-6287 */
128, 128, 128, 128, 128, 128, 128, 128, /* 6288-6295 */
128, 128, 128, 128, 128, 128, 128, 128, /* 6296-6303 */
128, 128, 128, 128, 128, 128, 128, 128, /* 6304-6311 */
128, 128, 128, 128, 128, 128, 128, 128, /* 6312-6319 */
128, 128, 128, 128, 128, 128, 128, 128, /* 6320-6327 */
128, 128, 128, 128, 128, 128, 128, 128, /* 6328-6335 */
128, 128, 128, 128, 128, 128, 128, 128, /* 6336-6343 */
128, 128, 128, 128, 128, 128, 128, 128, /* 6344-6351 */
128, 128, 128, 128, 128, 128, 128, 128, /* 6352-6359 */
128, 128, 128, 128, 128, 128, 128, 128, /* 6360-6367 */
128, 128, 128, 128, 128, 128, 128, 128, /* 6368-6375 */
128, 128, 128, 128, 128, 128, 128, 128, /* 6376-6383 */
128, 128, 128, 128, 128, 128, 128, 128, /* 6384-6391 */
128, 128, 128, 128, 128, 128, 128, 128, /* 6392-6399 */
128, 128, 128, 128, 128, 128, 128, 128, /* 6400-6407 */
128, 128, 128, 128, 128, 128, 128, 128, /* 6408-6415 */
128, 128, 128, 128, 128, 128, 128, 128, /* 6416-6423 */
128, 128, 128, 128, 128, 128, 128, 128, /* 6424-6431 */
128, 128, 128, 128, 128, 128, 128, 128, /* 6432-6439 */
128, 128, 128, 128, 128, 128, 128, 128, /* 6440-6447 */
128, 128, 128, 128, 128, 128, 128, 128, /* 6448-6455 */
128, 128, 128, 128, 128, 128, 128, 128, /* 6456-6463 */
128, 128, 128, 128, 128, 128, 128, 128, /* 6464-6471 */
128, 128, 128, 128, 128, 128, 128, 128, /* 6472-6479 */
128, 128, 128, 128, 128, 128, 128, 128, /* 6480-6487 */
128, 128, 128, 128, 128, 128, 128, 128, /* 6488-6495 */
128, 128, 128, 128, 128, 128, 128, 128, /* 6496-6503 */
128, 128, 128, 128, 128, 128, 128, 128, /* 6504-6511 */
128, 128, 128, 128, 128, 128, 128, 128, /* 6512-6519 */
128, 128, 128, 128, 128, 128, 128, 128, /* 6520-6527 */
128, 128, 128, 128, 128, 128, 128, 128, /* 6528-6535 */
128, 128, 128, 128, 128, 128, 128, 128, /* 6536-6543 */
128, 128, 128, 128, 128, 128, 128, 128, /* 6544-6551 */
128, 128, 128, 128, 128, 128, 128, 128, /* 6552-6559 */
128, 128, 128, 128, 128, 128, 128, 128, /* 6560-6567 */
128, 128, 128, 128, 128, 128, 128, 128, /* 6568-6575 */
128, 128, 128, 128, 128, 128, 128, 128, /* 6576-6583 */
128, 128, 128, 128, 128, 128, 128, 128, /* 6584-6591 */
128, 128, 128, 128, 128, 128, 128, 128, /* 6592-6599 */
128, 128, 128, 128, 128, 128, 128, 128, /* 6600-6607 */
128, 128, 128, 128, 128, 128, 128, 128, /* 6608-6615 */
128, 128, 128, 128, 128, 128, 128, 128, /* 6616-6623 */
128, 128, 128, 128, 128, 128, 128, 128, /* 6624-6631 */
128, 128, 128, 128, 128, 128, 128, 128, /* 6632-6639 */
128, 128, 128, 128, 128, 128, 128, 128, /* 6640-6647 */
128, 128, 128, 128, 128, 128, 128, 128, /* 6648-6655 */
128, 128, 128, 128, 128, 128, 128, 128, /* 6656-6663 */
128, 128, 128, 128, 128, 128, 128, 128, /* 6664-6671 */
128, 128, 128, 128, 128, 128, 128, 128, /* 6672-6679 */
128, 128, 128, 128, 128, 128, 128, 128, /* 6680-6687 */
128, 128, 128, 128, 128, 128, 128, 128, /* 6688-6695 */
128, 128, 128, 128, 128, 128, 128, 128, /* 6696-6703 */
128, 128, 128, 128, 128, 128, 128, 128, /* 6704-6711 */
128, 128, 128, 128, 128, 128, 128, 128, /* 6712-6719 */
128, 128, 128, 128, 128, 128, 128, 128, /* 6720-6727 */
128, 128, 128, 128, 128, 128, 128, 128, /* 6728-6735 */
128, 128, 128, 128, 128, 128, 128, 128, /* 6736-6743 */
128, 128, 128, 128, 128, 128, 128, 128, /* 6744-6751 */
128, 128, 128, 128, 128, 128, 128, 128, /* 6752-6759 */
128, 128, 128, 128, 128, 128, 128, 128, /* 6760-6767 */
128, 128, 128, 128, 128, 128, 128, 128, /* 6768-6775 */
128, 128, 128, 128, 128, 128, 128, 128, /* 6776-6783 */
128, 128, 128, 128, 128, 128, 128, 128, /* 6784-6791 */
128, 128, 128, 128, 128, 128, 128, 128, /* 6792-6799 */
128, 128, 128, 128, 128, 128, 128, 128, /* 6800-6807 */
128, 128, 128, 128, 128, 128, 128, 128, /* 6808-6815 */
128, 128, 128, 128, 128, 128, 128, 128, /* 6816-6823 */
128, 128, 128, 128, 128, 128, 128, 128, /* 6824-6831 */
128, 128, 128, 128, 128, 128, 128, 128, /* 6832-6839 */
128, 128, 128, 128, 128, 128, 128, 128, /* 6840-6847 */
128, 128, 128, 128, 128, 128, 128, 128, /* 6848-6855 */
128, 128, 128, 128, 128, 128, 128, 128, /* 6856-6863 */
128, 128, 128, 128, 128, 128, 128, 128, /* 6864-6871 */
128, 128, 128, 128, 128, 128, 128, 128, /* 6872-6879 */
128, 128, 128, 128, 128, 128, 128, 128, /* 6880-6887 */
128, 128, 128, 128, 128, 128, 128, 128, /* 6888-6895 */
128, 128, 128, 128, 128, 128, 128, 128, /* 6896-6903 */
128, 128, 128, 128, 128, 128, 128, 128, /* 6904-6911 */
128, 128, 128, 128, 128, 128, 128, 128, /* 6912-6919 */
128, 128, 128, 128, 128, 128, 128, 128, /* 6920-6927 */
128, 128, 128, 128, 128, 128, 128, 128, /* 6928-6935 */
128, 128, 128, 128, 128, 128, 128, 128, /* 6936-6943 */
128, 128, 128, 128, 128, 128, 128, 128, /* 6944-6951 */
128, 128, 128, 128, 128, 128, 128, 128, /* 6952-6959 */
128, 128, 128, 128, 128, 128, 128, 128, /* 6960-6967 */
128, 128, 128, 128, 128, 128, 128, 128, /* 6968-6975 */
128, 128, 128, 128, 128, 128, 128, 128, /* 6976-6983 */
128, 128, 128, 128, 128, 128, 128, 128, /* 6984-6991 */
128, 128, 128, 128, 128, 128, 128, 128, /* 6992-6999 */
128, 128, 128, 128, 128, 128, 128, 128, /* 7000-7007 */
128, 128, 128, 128, 128, 128, 128, 128, /* 7008-7015 */
128, 128, 128, 128, 128, 128, 128, 128, /* 7016-7023 */
128, 128, 128, 128, 128, 128, 128, 128, /* 7024-7031 */
128, 128, 128, 128, 128, 128, 128, 128, /* 7032-7039 */
128, 128, 128, 128, 128, 128, 128, 128, /* 7040-7047 */
128, 128, 128, 128, 128, 128, 128, 128, /* 7048-7055 */
128, 128, 128, 128, 128, 128, 128, 128, /* 7056-7063 */
128, 128, 128, 128, 128, 128, 128, 128, /* 7064-7071 */
128, 128, 128, 128, 128, 128, 128, 128, /* 7072-7079 */
128, 128, 128, 128, 128, 128, 128, 128, /* 7080-7087 */
128, 128, 128, 128, 128, 128, 128, 128, /* 7088-7095 */
128, 128, 128, 128, 128, 128, 128, 128, /* 7096-7103 */
128, 128, 128, 128, 128, 128, 128, 128, /* 7104-7111 */
128, 128, 128, 128, 128, 128, 128, 128, /* 7112-7119 */
128, 128, 128, 128, 128, 128, 128, 128, /* 7120-7127 */
128, 128, 128, 128, 128, 128, 128, 128, /* 7128-7135 */
128, 128, 128, 128, 128, 128, 128, 128, /* 7136-7143 */
128, 128, 128, 128, 128, 128, 128, 128, /* 7144-7151 */
128, 128, 128, 128, 128, 128, 128, 128, /* 7152-7159 */
128, 128, 128, 128, 128, 128, 128, 128, /* 7160-7167 */
128, 128, 128, 128, 128, 128, 128, 128, /* 7168-7175 */
128, 128, 128, 128, 128, 128, 128, 128, /* 7176-7183 */
128, 128, 128, 128, 128, 128, 128, 128, /* 7184-7191 */
128, 128, 128, 128, 128, 128, 128, 128, /* 7192-7199 */
128, 128, 128, 128, 128, 128, 128, 128, /* 7200-7207 */
128, 128, 128, 128, 128, 128, 128, 128, /* 7208-7215 */
128, 128, 128, 128, 128, 128, 128, 128, /* 7216-7223 */
128, 128, 128, 128, 128, 128, 128, 128, /* 7224-7231 */
128, 128, 128, 128, 128, 128, 128, 128, /* 7232-7239 */
128, 128, 128, 128, 128, 128, 128, 128, /* 7240-7247 */
128, 128, 128, 128, 128, 128, 128, 128, /* 7248-7255 */
128, 128, 128, 128, 128, 128, 128, 128, /* 7256-7263 */
128, 128, 128, 128, 128, 128, 128, 128, /* 7264-7271 */
128, 128, 128, 128, 128, 128, 128, 128, /* 7272-7279 */
128, 128, 128, 128, 128, 128, 128, 128, /* 7280-7287 */
128, 128, 128, 128, 128, 128, 128, 128, /* 7288-7295 */
128, 128, 128, 128, 128, 128, 128, 128, /* 7296-7303 */
128, 128, 128, 128, 128, 128, 128, 128, /* 7304-7311 */
128, 128, 128, 128, 128, 128, 128, 128, /* 7312-7319 */
128, 128, 128, 128, 128, 128, 128, 128, /* 7320-7327 */
128, 128, 128, 128, 128, 128, 128, 128, /* 7328-7335 */
128, 128, 128, 128, 128, 128, 128, 128, /* 7336-7343 */
128, 128, 128, 128, 128, 128, 128, 128, /* 7344-7351 */
128, 128, 128, 128, 128, 128, 128, 128, /* 7352-7359 */
128, 128, 128, 128, 128, 128, 128, 128, /* 7360-7367 */
128, 128, 128, 128, 128, 128, 128, 128, /* 7368-7375 */
128, 128, 128, 128, 128, 128, 128, 128, /* 7376-7383 */
128, 128, 128, 128, 128, 128, 128, 128, /* 7384-7391 */
128, 128, 128, 128, 128, 128, 128, 128, /* 7392-7399 */
128, 128, 128, 128, 128, 128, 128, 128, /* 7400-7407 */
128, 128, 128, 128, 128, 128, 128, 128, /* 7408-7415 */
128, 128, 128, 128, 128, 128, 128, 128, /* 7416-7423 */
128, 128, 128, 128, 128, 128, 128, 128, /* 7424-7431 */
128, 128, 128, 128, 128, 128, 128, 128, /* 7432-7439 */
128, 128, 128, 128, 128, 128, 128, 128, /* 7440-7447 */
128, 128, 128, 128, 128, 128, 128, 128, /* 7448-7455 */
128, 128, 128, 128, 128, 128, 128, 128, /* 7456-7463 */
128, 128, 128, 128, 128, 128, 128, 128, /* 7464-7471 */
128, 128, 128, 128, 128, 128, 128, 128, /* 7472-7479 */
128, 128, 128, 128, 128, 128, 128, 128, /* 7480-7487 */
128, 128, 128, 128, 128, 128, 128, 128, /* 7488-7495 */
128, 128, 128, 128, 128, 128, 128, 128, /* 7496-7503 */
128, 128, 128, 128, 128, 128, 128, 128, /* 7504-7511 */
128, 128, 128, 128, 128, 128, 128, 128, /* 7512-7519 */
128, 128, 128, 128, 128, 128, 128, 128, /* 7520-7527 */
128, 128, 128, 128, 128, 128, 128, 128, /* 7528-7535 */
128, 128, 128, 128, 128, 128, 128, 128, /* 7536-7543 */
128, 128, 128, 128, 128, 128, 128, 128, /* 7544-7551 */
128, 128, 128, 128, 128, 128, 128, 128, /* 7552-7559 */
128, 128, 128, 128, 128, 128, 128, 128, /* 7560-7567 */
128, 128, 128, 128, 128, 128, 128, 128, /* 7568-7575 */
128, 128, 128, 128, 128, 128, 128, 128, /* 7576-7583 */
128, 128, 128, 128, 128, 128, 128, 128, /* 7584-7591 */
128, 128, 128, 128, 128, 128, 128, 128, /* 7592-7599 */
128, 128, 128, 128, 128, 128, 128, 128, /* 7600-7607 */
128, 128, 128, 128, 128, 128, 128, 128, /* 7608-7615 */
128, 128, 128, 128, 128, 128, 128, 128, /* 7616-7623 */
128, 128, 128, 128, 128, 128, 128, 128, /* 7624-7631 */
128, 128, 128, 128, 128, 128, 128, 128, /* 7632-7639 */
128, 128, 128, 128, 128, 128, 128, 128, /* 7640-7647 */
128, 128, 128, 128, 128, 128, 128, 128, /* 7648-7655 */
128, 128, 128, 128, 128, 128, 128, 128, /* 7656-7663 */
128, 128, 128, 128, 128, 128, 128, 128, /* 7664-7671 */
128, 128, 128, 128, 128, 128, 128, 128, /* 7672-7679 */
128, 128, 128, 128, 128, 128, 128, 128, /* 7680-7687 */
128, 128, 128, 128, 128, 128, 128, 128, /* 7688-7695 */
128, 128, 128, 128, 128, 128, 128, 128, /* 7696-7703 */
128, 128, 128, 128, 128, 128, 128, 128, /* 7704-7711 */
128, 128, 128, 128, 128, 128, 128, 128, /* 7712-7719 */
128, 128, 128, 128, 128, 128, 128, 128, /* 7720-7727 */
128, 128, 128, 128, 128, 128, 128, 128, /* 7728-7735 */
128, 128, 128, 128, 128, 128, 128, 128, /* 7736-7743 */
128, 128, 128, 128, 128, 128, 128, 128, /* 7744-7751 */
128, 128, 128, 128, 128, 128, 128, 128, /* 7752-7759 */
128, 128, 128, 128, 128, 128, 128, 128, /* 7760-7767 */
128, 128, 128, 128, 128, 128, 128, 128, /* 7768-7775 */
128, 128, 128, 128, 128, 128, 128, 128, /* 7776-7783 */
128, 128, 128, 128, 128, 128, 128, 128, /* 7784-7791 */
128, 128, 128, 128, 128, 128, 128, 128, /* 7792-7799 */
128, 128, 128, 128, 128, 128, 128, 128, /* 7800-7807 */
128, 128, 128, 128, 128, 128, 128, 128, /* 7808-7815 */
128, 128, 128, 128, 128, 128, 128, 128, /* 7816-7823 */
128, 128, 128, 128, 128, 128, 128, 128, /* 7824-7831 */
128, 128, 128, 128, 128, 128, 128, 128, /* 7832-7839 */
128, 128, 128, 128, 128, 128, 128, 128, /* 7840-7847 */
128, 128, 128, 128, 128, 128, 128, 128, /* 7848-7855 */
128, 128, 128, 128, 128, 128, 128, 128, /* 7856-7863 */
128, 128, 128, 128, 128, 128, 128, 128, /* 7864-7871 */
128, 128, 128, 128, 128, 128, 128, 128, /* 7872-7879 */
128, 128, 128, 128, 128, 128, 128, 128, /* 7880-7887 */
128, 128, 128, 128, 128, 128, 128, 128, /* 7888-7895 */
128, 128, 128, 128, 128, 128, 128, 128, /* 7896-7903 */
128, 128, 128, 128, 128, 128, 128, 128, /* 7904-7911 */
128, 128, 128, 128, 128, 128, 128, 128, /* 7912-7919 */
128, 128, 128, 128, 128, 128, 128, 128, /* 7920-7927 */
128, 128, 128, 128, 128, 128, 128, 128, /* 7928-7935 */
128, 128, 128, 128, 128, 128, 128, 128, /* 7936-7943 */
128, 128, 128, 128, 128, 128, 128, 128, /* 7944-7951 */
128, 128, 128, 128, 128, 128, 128, 128, /* 7952-7959 */
128, 128, 128, 128, 128, 128, 128, 128, /* 7960-7967 */
128, 128, 128, 128, 128, 128, 128, 128, /* 7968-7975 */
128, 128, 128, 128, 128, 128, 128, 128, /* 7976-7983 */
128, 128, 128, 128, 128, 128, 128, 128, /* 7984-7991 */
128, 128, 128, 128, 128, 128, 128, 128, /* 7992-7999 */
128, 128, 128, 128, 128, 128, 128, 128, /* 8000-8007 */
128, 128, 128, 128, 128, 128, 128, 128, /* 8008-8015 */
128, 128, 128, 128, 128, 128, 128, 128, /* 8016-8023 */
128, 128, 128, 128, 128, 128, 128, 128, /* 8024-8031 */
128, 128, 128, 128, 128, 128, 128, 128, /* 8032-8039 */
128, 128, 128, 128, 128, 128, 128, 128, /* 8040-8047 */
128, 128, 128, 128, 128, 128, 128, 128, /* 8048-8055 */
128, 128, 128, 128, 128, 128, 128, 128, /* 8056-8063 */
128, 128, 128, 128, 128, 128, 128, 128, /* 8064-8071 */
128, 128, 128, 128, 128, 128, 128, 128, /* 8072-8079 */
128, 128, 128, 128, 128, 128, 128, 128, /* 8080-8087 */
128, 128, 128, 128, 128, 128, 128, 128, /* 8088-8095 */
128, 128, 128, 128, 128, 128, 128, 128, /* 8096-8103 */
128, 128, 128, 128, 128, 128, 128, 128, /* 8104-8111 */
128, 128, 128, 128, 128, 128, 128, 128, /* 8112-8119 */
128, 128, 128, 128, 128, 128, 128, 128, /* 8120-8127 */
128, 128, 128, 128, 128, 128, 128, 128, /* 8128-8135 */
128, 128, 128, 128, 128, 128, 128, 128, /* 8136-8143 */
128, 128, 128, 128, 128, 128, 128, 128, /* 8144-8151 */
128, 128, 128, 128, 128, 128, 128, 128, /* 8152-8159 */
128, 128, 128, 128, 128, 128, 128, 128, /* 8160-8167 */
128, 128, 128, 128, 128, 128, 128, 128, /* 8168-8175 */
128, 128, 128, 128, 128, 128, 128, 128, /* 8176-8183 */
128, 128, 128, 128, 128, 128, 128, 128, /* 8184-8191 */
128, 128, 128, 128, 128, 128, 128, 128, /* 8192-8199 */
128, 128, 128, 128, 128, 128, 128, 128, /* 8200-8207 */
128, 128, 128, 128, 128, 128, 128, 128, /* 8208-8215 */
128, 128, 128, 128, 128, 128, 128, 128, /* 8216-8223 */
128, 128, 128, 128, 128, 128, 128, 128, /* 8224-8231 */
128, 128, 128, 128, 128, 128, 128, 128, /* 8232-8239 */
128, 128, 128, 128, 128, 128, 128, 128, /* 8240-8247 */
128, 128, 128, 128, 128, 128, 128, 128, /* 8248-8255 */
128, 128, 128, 128, 128, 128, 128, 128, /* 8256-8263 */
128, 128, 128, 128, 128, 128, 128, 128, /* 8264-8271 */
128, 128, 128, 128, 128, 128, 128, 128, /* 8272-8279 */
128, 128, 128, 128, 128, 128, 128, 128, /* 8280-8287 */
128, 128, 128, 128, 128, 128, 128, 128, /* 8288-8295 */
128, 128, 128, 128, 128, 128, 128, 128, /* 8296-8303 */
128, 128, 128, 128, 128, 128, 128, 128, /* 8304-8311 */
128, 128, 128, 128, 128, 128, 128, 128, /* 8312-8319 */
128, 128, 128, 128, 128, 128, 128, 128, /* 8320-8327 */
128, 128, 128, 128, 128, 128, 128, 128, /* 8328-8335 */
128, 128, 128, 128, 128, 128, 128, 128, /* 8336-8343 */
128, 128, 128, 128, 128, 128, 128, 128, /* 8344-8351 */
128, 128, 128, 128, 128, 128, 128, 128, /* 8352-8359 */
128, 128, 128, 128, 128, 128, 128, 128, /* 8360-8367 */
128, 128, 128, 128, 128, 128, 128, 128, /* 8368-8375 */
128, 128, 128, 128, 128, 128, 128, 128, /* 8376-8383 */
128, 128, 128, 128, 128, 128, 128, 128, /* 8384-8391 */
128, 128, 128, 128, 128, 128, 128, 128, /* 8392-8399 */
128, 128, 128, 128, 128, 128, 128, 128, /* 8400-8407 */
128, 128, 128, 128, 128, 128, 128, 128, /* 8408-8415 */
128, 128, 128, 128, 128, 128, 128, 128, /* 8416-8423 */
128, 128, 128, 128, 128, 128, 128, 128, /* 8424-8431 */
128, 128, 128, 128, 128, 128, 128, 128, /* 8432-8439 */
128, 128, 128, 128, 128, 128, 128, 128, /* 8440-8447 */
128, 128, 128, 128, 128, 128, 128, 128, /* 8448-8455 */
128, 128, 128, 128, 128, 128, 128, 128, /* 8456-8463 */
128, 128, 128, 128, 128, 128, 128, 128, /* 8464-8471 */
128, 128, 128, 128, 128, 128, 128, 128, /* 8472-8479 */
128, 128, 128, 128, 128, 128, 128, 128, /* 8480-8487 */
128, 128, 128, 128, 128, 128, 128, 128, /* 8488-8495 */
128, 128, 128, 128, 128, 128, 128, 128, /* 8496-8503 */
128, 128, 128, 128, 128, 128, 128, 128, /* 8504-8511 */
128, 128, 128, 128, 128, 128, 128, 128, /* 8512-8519 */
128, 128, 128, 128, 128, 128, 128, 128, /* 8520-8527 */
128, 128, 128, 128, 128, 128, 128, 128, /* 8528-8535 */
128, 128, 128, 128, 128, 128, 128, 128, /* 8536-8543 */
128, 128, 128, 128, 128, 128, 128, 128, /* 8544-8551 */
128, 128, 128, 128, 128, 128, 128, 128, /* 8552-8559 */
128, 128, 128, 128, 128, 128, 128, 128, /* 8560-8567 */
128, 128, 128, 128, 128, 128, 128, 128, /* 8568-8575 */
128, 128, 128, 128, 128, 128, 128, 128, /* 8576-8583 */
128, 128, 128, 128, 128, 128, 128, 128, /* 8584-8591 */
128, 128, 128, 128, 128, 128, 128, 128, /* 8592-8599 */
128, 128, 128, 128, 128, 128, 128, 128, /* 8600-8607 */
128, 128, 128, 128, 128, 128, 128, 128, /* 8608-8615 */
128, 128, 128, 128, 128, 128, 128, 128, /* 8616-8623 */
128, 128, 128, 128, 128, 128, 128, 128, /* 8624-8631 */
128, 128, 128, 128, 128, 128, 128, 128, /* 8632-8639 */
128, 128, 128, 128, 128, 128, 128, 128, /* 8640-8647 */
128, 128, 128, 128, 128, 128, 128, 128, /* 8648-8655 */
128, 128, 128, 128, 128, 128, 128, 128, /* 8656-8663 */
128, 128, 128, 128, 128, 128, 128, 128, /* 8664-8671 */
128, 128, 128, 128, 128, 128, 128, 128, /* 8672-8679 */
128, 128, 128, 128, 128, 128, 128, 128, /* 8680-8687 */
128, 128, 128, 128, 128, 128, 128, 128, /* 8688-8695 */
128, 128, 128, 128, 128, 128, 128, 128, /* 8696-8703 */
128, 128, 128, 128, 128, 128, 128, 128, /* 8704-8711 */
128, 128, 128, 128, 128, 128, 128, 128, /* 8712-8719 */
128, 128, 128, 128, 128, 128, 128, 128, /* 8720-8727 */
128, 128, 128, 128, 128, 128, 128, 128, /* 8728-8735 */
128, 128, 128, 128, 128, 128, 128, 128, /* 8736-8743 */
128, 128, 128, 128, 128, 128, 128, 128, /* 8744-8751 */
128, 128, 128, 128, 128, 128, 128, 128, /* 8752-8759 */
128, 128, 128, 128, 128, 128, 128, 128, /* 8760-8767 */
128, 128, 128, 128, 128, 128, 128, 128, /* 8768-8775 */
128, 128, 128, 128, 128, 128, 128, 128, /* 8776-8783 */
128, 128, 128, 128, 128, 128, 128, 128, /* 8784-8791 */
128, 128, 128, 128, 128, 128, 128, 128, /* 8792-8799 */
128, 128, 128, 128, 128, 128, 128, 128, /* 8800-8807 */
128, 128, 128, 128, 128, 128, 128, 128, /* 8808-8815 */
128, 128, 128, 128, 128, 128, 128, 128, /* 8816-8823 */
128, 128, 128, 128, 128, 128, 128, 128, /* 8824-8831 */
128, 128, 128, 128, 128, 128, 128, 128, /* 8832-8839 */
128, 128, 128, 128, 128, 128, 128, 128, /* 8840-8847 */
128, 128, 128, 128, 128, 128, 128, 128, /* 8848-8855 */
128, 128, 128, 128, 128, 128, 128, 128, /* 8856-8863 */
128, 128, 128, 128, 128, 128, 128, 128, /* 8864-8871 */
128, 128, 128, 128, 128, 128, 128, 128, /* 8872-8879 */
128, 128, 128, 128, 128, 128, 128, 128, /* 8880-8887 */
128, 128, 128, 128, 128, 128, 128, 128, /* 8888-8895 */
128, 128, 128, 128, 128, 128, 128, 128, /* 8896-8903 */
128, 128, 128, 128, 128, 128, 128, 128, /* 8904-8911 */
128, 128, 128, 128, 128, 128, 128, 128, /* 8912-8919 */
128, 128, 128, 128, 128, 128, 128, 128, /* 8920-8927 */
128, 128, 128, 128, 128, 128, 128, 128, /* 8928-8935 */
128, 128, 128, 128, 128, 128, 128, 128, /* 8936-8943 */
128, 128, 128, 128, 128, 128, 128, 128, /* 8944-8951 */
128, 128, 128, 128, 128, 128, 128, 128, /* 8952-8959 */
128, 128, 128, 128, 128, 128, 128, 128, /* 8960-8967 */
128, 128, 128, 128, 128, 128, 128, 128, /* 8968-8975 */
128, 128, 128, 128, 128, 128, 128, 128, /* 8976-8983 */
128, 128, 128, 128, 128, 128, 128, 128, /* 8984-8991 */
128, 128, 128, 128, 128, 128, 128, 128, /* 8992-8999 */
128, 128, 128, 128, 128, 128, 128, 128, /* 9000-9007 */
128, 128, 128, 128, 128, 128, 128, 128, /* 9008-9015 */
128, 128, 128, 128, 128, 128, 128, 128, /* 9016-9023 */
128, 128, 128, 128, 128, 128, 128, 128, /* 9024-9031 */
128, 128, 128, 128, 128, 128, 128, 128, /* 9032-9039 */
128, 128, 128, 128, 128, 128, 128, 128, /* 9040-9047 */
128, 128, 128, 128, 128, 128, 128, 128, /* 9048-9055 */
128, 128, 128, 128, 128, 128, 128, 128, /* 9056-9063 */
128, 128, 128, 128, 128, 128, 128, 128, /* 9064-9071 */
128, 128, 128, 128, 128, 128, 128, 128, /* 9072-9079 */
128, 128, 128, 128, 128, 128, 128, 128, /* 9080-9087 */
128, 128, 128, 128, 128, 128, 128, 128, /* 9088-9095 */
128, 128, 128, 128, 128, 128, 128, 128, /* 9096-9103 */
128, 128, 128, 128, 128, 128, 128, 128, /* 9104-9111 */
128, 128, 128, 128, 128, 128, 128, 128, /* 9112-9119 */
128, 128, 128, 128, 128, 128, 128, 128, /* 9120-9127 */
128, 128, 128, 128, 128, 128, 128, 128, /* 9128-9135 */
128, 128, 128, 128, 128, 128, 128, 128, /* 9136-9143 */
128, 128, 128, 128, 128, 128, 128, 128, /* 9144-9151 */
128, 128, 128, 128, 128, 128, 128, 128, /* 9152-9159 */
128, 128, 128, 128, 128, 128, 128, 128, /* 9160-9167 */
128, 128, 128, 128, 128, 128, 128, 128, /* 9168-9175 */
128, 128, 128, 128, 128, 128, 128, 128, /* 9176-9183 */
128, 128, 128, 128, 128, 128, 128, 128, /* 9184-9191 */
128, 128, 128, 128, 128, 128, 128, 128, /* 9192-9199 */
128, 128, 128, 128, 128, 128, 128, 128, /* 9200-9207 */
128, 128, 128, 128, 128, 128, 128, 128, /* 9208-9215 */
128, 128, 128, 128, 128, 128, 128, 128, /* 9216-9223 */
128, 128, 128, 128, 128, 128, 128, 128, /* 9224-9231 */
128, 128, 128, 128, 128, 128, 128, 128, /* 9232-9239 */
128, 128, 128, 128, 128, 128, 128, 128, /* 9240-9247 */
128, 128, 128, 128, 128, 128, 128, 128, /* 9248-9255 */
128, 128, 128, 128, 128, 128, 128, 128, /* 9256-9263 */
128, 128, 128, 128, 128, 128, 128, 128, /* 9264-9271 */
128, 128, 128, 128, 128, 128, 128, 128, /* 9272-9279 */
128, 128, 128, 128, 128, 128, 128, 128, /* 9280-9287 */
128, 128, 128, 128, 128, 128, 128, 128, /* 9288-9295 */
128, 128, 128, 128, 128, 128, 128, 128, /* 9296-9303 */
128, 128, 128, 128, 128, 128, 128, 128, /* 9304-9311 */
128, 128, 128, 128, 128, 128, 128, 128, /* 9312-9319 */
128, 128, 128, 128, 128, 128, 128, 128, /* 9320-9327 */
128, 128, 128, 128, 128, 128, 128, 128, /* 9328-9335 */
128, 128, 128, 128, 128, 128, 128, 128, /* 9336-9343 */
128, 128, 128, 128, 128, 128, 128, 128, /* 9344-9351 */
128, 128, 128, 128, 128, 128, 128, 128, /* 9352-9359 */
128, 128, 128, 128, 128, 128, 128, 128, /* 9360-9367 */
128, 128, 128, 128, 128, 128, 128, 128, /* 9368-9375 */
128, 128, 128, 128, 128, 128, 128, 128, /* 9376-9383 */
128, 128, 128, 128, 128, 128, 128, 128, /* 9384-9391 */
128, 128, 128, 128, 128, 128, 128, 128, /* 9392-9399 */
128, 128, 128, 128, 128, 128, 128, 128, /* 9400-9407 */
128, 128, 128, 128, 128, 128, 128, 128, /* 9408-9415 */
128, 128, 128, 128, 128, 128, 128, 128, /* 9416-9423 */
128, 128, 128, 128, 128, 128, 128, 128, /* 9424-9431 */
128, 128, 128, 128, 128, 128, 128, 128, /* 9432-9439 */
128, 128, 128, 128, 128, 128, 128, 128, /* 9440-9447 */
128, 128, 128, 128, 128, 128, 128, 128, /* 9448-9455 */
128, 128, 128, 128, 128, 128, 128, 128, /* 9456-9463 */
128, 128, 128, 128, 128, 128, 128, 128, /* 9464-9471 */
128, 128, 128, 128, 128, 128, 128, 128, /* 9472-9479 */
128, 128, 128, 128, 128, 128, 128, 128, /* 9480-9487 */
128, 128, 128, 128, 128, 128, 128, 128, /* 9488-9495 */
128, 128, 128, 128, 128, 128, 128, 128, /* 9496-9503 */
128, 128, 128, 128, 128, 128, 128, 128, /* 9504-9511 */
128, 128, 128, 128, 128, 128, 128, 128, /* 9512-9519 */
128, 128, 128, 128, 128, 128, 128, 128, /* 9520-9527 */
128, 128, 128, 128, 128, 128, 128, 128, /* 9528-9535 */
128, 128, 128, 128, 128, 128, 128, 128, /* 9536-9543 */
128, 128, 128, 128, 128, 128, 128, 128, /* 9544-9551 */
128, 128, 128, 128, 128, 128, 128, 128, /* 9552-9559 */
128, 128, 128, 128, 128, 128, 128, 128, /* 9560-9567 */
128, 128, 128, 128, 128, 128, 128, 128, /* 9568-9575 */
128, 128, 128, 128, 128, 128, 128, 128, /* 9576-9583 */
128, 128, 128, 128, 128, 128, 128, 128, /* 9584-9591 */
128, 128, 128, 128, 128, 128, 128, 128, /* 9592-9599 */
128, 128, 128, 128, 128, 128, 128, 128, /* 9600-9607 */
128, 128, 128, 128, 128, 128, 128, 128, /* 9608-9615 */
128, 128, 128, 128, 128, 128, 128, 128, /* 9616-9623 */
128, 128, 128, 128, 128, 128, 128, 128, /* 9624-9631 */
128, 128, 128, 128, 128, 128, 128, 128, /* 9632-9639 */
128, 128, 128, 128, 128, 128, 128, 128, /* 9640-9647 */
128, 128, 128, 128, 128, 128, 128, 128, /* 9648-9655 */
128, 128, 128, 128, 128, 128, 128, 128, /* 9656-9663 */
128, 128, 128, 128, 128, 128, 128, 128, /* 9664-9671 */
128, 128, 128, 128, 128, 128, 128, 128, /* 9672-9679 */
128, 128, 128, 128, 128, 128, 128, 128, /* 9680-9687 */
128, 128, 128, 128, 128, 128, 128, 128, /* 9688-9695 */
128, 128, 128, 128, 128, 128, 128, 128, /* 9696-9703 */
128, 128, 128, 128, 128, 128, 128, 128, /* 9704-9711 */
128, 128, 128, 128, 128, 128, 128, 128, /* 9712-9719 */
128, 128, 128, 128, 128, 128, 128, 128, /* 9720-9727 */
128, 128, 128, 128, 128, 128, 128, 128, /* 9728-9735 */
128, 128, 128, 128, 128, 128, 128, 128, /* 9736-9743 */
128, 128, 128, 128, 128, 128, 128, 128, /* 9744-9751 */
128, 128, 128, 128, 128, 128, 128, 128, /* 9752-9759 */
128, 128, 128, 128, 128, 128, 128, 128, /* 9760-9767 */
128, 128, 128, 128, 128, 128, 128, 128, /* 9768-9775 */
128, 128, 128, 128, 128, 128, 128, 128, /* 9776-9783 */
128, 128, 128, 128, 128, 128, 128, 128, /* 9784-9791 */
128, 128, 128, 128, 128, 128, 128, 128, /* 9792-9799 */
128, 128, 128, 128, 128, 128, 128, 128, /* 9800-9807 */
128, 128, 128, 128, 128, 128, 128, 128, /* 9808-9815 */
128, 128, 128, 128, 128, 128, 128, 128, /* 9816-9823 */
128, 128, 128, 128, 128, 128, 128, 128, /* 9824-9831 */
128, 128, 128, 128, 128, 128, 128, 128, /* 9832-9839 */
128, 128, 128, 128, 128, 128, 128, 128, /* 9840-9847 */
128, 128, 128, 128, 128, 128, 128, 128, /* 9848-9855 */
128, 128, 128, 128, 128, 128, 128, 128, /* 9856-9863 */
128, 128, 128, 128, 128, 128, 128, 128, /* 9864-9871 */
128, 128, 128, 128, 128, 128, 128, 128, /* 9872-9879 */
128, 128, 128, 128, 128, 128, 128, 128, /* 9880-9887 */
128, 128, 128, 128, 128, 128, 128, 128, /* 9888-9895 */
128, 128, 128, 128, 128, 128, 128, 128, /* 9896-9903 */
128, 128, 128, 128, 128, 128, 128, 128, /* 9904-9911 */
128, 128, 128, 128, 128, 128, 128, 128, /* 9912-9919 */
128, 128, 128, 128, 128, 128, 128, 128, /* 9920-9927 */
128, 128, 128, 128, 128, 128, 128, 128, /* 9928-9935 */
128, 128, 128, 128, 128, 128, 128, 128, /* 9936-9943 */
128, 128, 128, 128, 128, 128, 128, 128, /* 9944-9951 */
128, 128, 128, 128, 128, 128, 128, 128, /* 9952-9959 */
128, 128, 128, 128, 128, 128, 128, 128, /* 9960-9967 */
128, 128, 128, 128, 128, 128, 128, 128, /* 9968-9975 */
128, 128, 128, 128, 128, 128, 128, 128, /* 9976-9983 */
128, 128, 128, 128, 128, 128, 128, 128, /* 9984-9991 */
128, 128, 128, 128, 128, 128, 128, 128, /* 9992-9999 */
128, 128, 128, 128, 128, 128, 128, 128, /* 10000-10007 */
128, 128, 128, 128, 128, 128, 128, 128, /* 10008-10015 */
128, 128, 128, 128, 128, 128, 128, 128, /* 10016-10023 */
128, 128, 128, 128, 128, 128, 128, 128, /* 10024-10031 */
128, 128, 128, 128, 128, 128, 128, 128, /* 10032-10039 */
128, 128, 128, 128, 128, 128, 128, 128, /* 10040-10047 */
128, 128, 128, 128, 128, 128, 128, 128, /* 10048-10055 */
128, 128, 128, 128, 128, 128, 128, 128, /* 10056-10063 */
128, 128, 128, 128, 128, 128, 128, 128, /* 10064-10071 */
128, 128, 128, 128, 128, 128, 128, 128, /* 10072-10079 */
128, 128, 128, 128, 128, 128, 128, 128, /* 10080-10087 */
128, 128, 128, 128, 128, 128, 128, 128, /* 10088-10095 */
128, 128, 128, 128, 128, 128, 128, 128, /* 10096-10103 */
128, 128, 128, 128, 128, 128, 128, 128, /* 10104-10111 */
128, 128, 128, 128, 128, 128, 128, 128, /* 10112-10119 */
128, 128, 128, 128, 128, 128, 128, 128, /* 10120-10127 */
128, 128, 128, 128, 128, 128, 128, 128, /* 10128-10135 */
128, 128, 128, 128, 128, 128, 128, 128, /* 10136-10143 */
128, 128, 128, 128, 128, 128, 128, 128, /* 10144-10151 */
128, 128, 128, 128, 128, 128, 128, 128, /* 10152-10159 */
128, 128, 128, 128, 128, 128, 128, 128, /* 10160-10167 */
128, 128, 128, 128, 128, 128, 128, 128, /* 10168-10175 */
128, 128, 128, 128, 128, 128, 128, 128, /* 10176-10183 */
128, 128, 128, 128, 128, 128, 128, 128, /* 10184-10191 */
128, 128, 128, 128, 128, 128, 128, 128, /* 10192-10199 */
128, 128, 128, 128, 128, 128, 128, 128, /* 10200-10207 */
128, 128, 128, 128, 128, 128, 128, 128, /* 10208-10215 */
128, 128, 128, 128, 128, 128, 128, 128, /* 10216-10223 */
128, 128, 128, 128, 128, 128, 128, 128, /* 10224-10231 */
128, 128, 128, 128, 128, 128, 128, 128, /* 10232-10239 */
128, 128, 128, 128, 128, 128, 128, 128, /* 10240-10247 */
128, 128, 128, 128, 128, 128, 128, 128, /* 10248-10255 */
128, 128, 128, 128, 128, 128, 128, 128, /* 10256-10263 */
128, 128, 128, 128, 128, 128, 128, 128, /* 10264-10271 */
128, 128, 128, 128, 128, 128, 128, 128, /* 10272-10279 */
128, 128, 128, 128, 128, 128, 128, 128, /* 10280-10287 */
128, 128, 128, 128, 128, 128, 128, 128, /* 10288-10295 */
128, 128, 128, 128, 128, 128, 128, 128, /* 10296-10303 */
128, 128, 128, 128, 128, 128, 128, 128, /* 10304-10311 */
128, 128, 128, 128, 128, 128, 128, 128, /* 10312-10319 */
128, 128, 128, 128, 128, 128, 128, 128, /* 10320-10327 */
128, 128, 128, 128, 128, 128, 128, 128, /* 10328-10335 */
128, 128, 128, 128, 128, 128, 128, 128, /* 10336-10343 */
128, 128, 128, 128, 128, 128, 128, 128, /* 10344-10351 */
128, 128, 128, 128, 128, 128, 128, 128, /* 10352-10359 */
128, 128, 128, 128, 128, 128, 128, 128, /* 10360-10367 */
128, 128, 128, 128, 128, 128, 128, 128, /* 10368-10375 */
128, 128, 128, 128, 128, 128, 128, 128, /* 10376-10383 */
128, 128, 128, 128, 128, 128, 128, 128, /* 10384-10391 */
128, 128, 128, 128, 128, 128, 128, 128, /* 10392-10399 */
128, 128, 128, 128, 128, 128, 128, 128, /* 10400-10407 */
128, 128, 128, 128, 128, 128, 128, 128, /* 10408-10415 */
128, 128, 128, 128, 128, 128, 128, 128, /* 10416-10423 */
128, 128, 128, 128, 128, 128, 128, 128, /* 10424-10431 */
128, 128, 128, 128, 128, 128, 128, 128, /* 10432-10439 */
128, 128, 128, 128, 128, 128, 128, 128, /* 10440-10447 */
128, 128, 128, 128, 128, 128, 128, 128, /* 10448-10455 */
128, 128, 128, 128, 128, 128, 128, 128, /* 10456-10463 */
128, 128, 128, 128, 128, 128, 128, 128, /* 10464-10471 */
128, 128, 128, 128, 128, 128, 128, 128, /* 10472-10479 */
128, 128, 128, 128, 128, 128, 128, 128, /* 10480-10487 */
128, 128, 128, 128, 128, 128, 128, 128, /* 10488-10495 */
128, 128, 128, 128, 128, 128, 128, 128, /* 10496-10503 */
128, 128, 128, 128, 128, 128, 128, 128, /* 10504-10511 */
128, 128, 128, 128, 128, 128, 128, 128, /* 10512-10519 */
128, 128, 128, 128, 128, 128, 128, 128, /* 10520-10527 */
128, 128, 128, 128, 128, 128, 128, 128, /* 10528-10535 */
128, 128, 128, 128, 128, 128, 128, 128, /* 10536-10543 */
128, 128, 128, 128, 128, 128, 128, 128, /* 10544-10551 */
128, 128, 128, 128, 128, 128, 128, 128, /* 10552-10559 */
128, 128, 128, 128, 128, 128, 128, 128, /* 10560-10567 */
128, 128, 128, 128, 128, 128, 128, 128, /* 10568-10575 */
128, 128, 128, 128, 128, 128, 128, 128, /* 10576-10583 */
128, 128, 128, 128, 128, 128, 128, 128, /* 10584-10591 */
128, 128, 128, 128, 128, 128, 128, 128, /* 10592-10599 */
128, 128, 128, 128, 128, 128, 128, 128, /* 10600-10607 */
128, 128, 128, 128, 128, 128, 128, 128, /* 10608-10615 */
128, 128, 128, 128, 128, 128, 128, 128, /* 10616-10623 */
128, 128, 128, 128, 128, 128, 128, 128, /* 10624-10631 */
128, 128, 128, 128, 128, 128, 128, 128, /* 10632-10639 */
128, 128, 128, 128, 128, 128, 128, 128, /* 10640-10647 */
128, 128, 128, 128, 128, 128, 128, 128, /* 10648-10655 */
128, 128, 128, 128, 128, 128, 128, 128, /* 10656-10663 */
128, 128, 128, 128, 128, 128, 128, 128, /* 10664-10671 */
128, 128, 128, 128, 128, 128, 128, 128}; /* 10672-10679 */
